0
1
2
8
9
11
12
14
18
21
30
31
34
35
37
39
40
41
43
44
46
49
55
56
59
61
62
71
79
81
84
88
95
99
108
109
121
122
125
130
136
138
141
144
145
146
158
160
165
170
171
172
179
181
183
184
185
186
187
188
191
194
196
197
199
201
202
204
206
213
214
218
226
235
237
240
242
245
246
247
251
263
264
266
270
275
277
278
279
281
285
287
291
297
298
301
307
308
311
313
320
329
332
339
341
343
344
348
351
352
354
360
365
373
377
378
379
386
389
394
399
401
402
404
405
409
410
412
413
416
417
418
422
431
432
435
436
441
446
454
460
464
471
472
473
474
477
478
484
487
488
493
494
495
500
506
509
514
515
519
520
522
526
527
529
530
542
548
553
554
556
564
567
569
577
583
587
592
593
594
595
601
604
607
609
611
612
613
614
615
616
622
626
631
632
638
642
643
644
646
647
648
650
651
653
654
657
659
660
661
662
665
672
676
677
678
681
686
687
691
692
695
703
704
705
712
715
716
718
723
725
729
730
731
733
737
738
741
743
748
750
751
752
753
760
761
762
764
767
768
769
770
774
775
778
779
780
781
782
785
786
788
795
806
810
826
828
831
845
851
853
856
857
862
867
876
884
886
887
891
897
905
914
940
944
946
960
963
966
972
974
976
985
993
1004
1005
1011
1012
1013
1015
1016
1017
1019
1022
1026
1027
1030
1033
1034
1041
1043
1045
1046
1048
1050
1051
1053
1055
1058
1061
1062
1066
1068
1071
1072
1073
1081
1083
1091
1093
1100
1101
1102
1106
1111
1113
1114
1115
1116
1119
1121
1122
1124
1125
1128
1129
1133
1137
1138
1139
1140
1143
1144
1150
1151
1152
1156
1159
1160
1162
1165
1168
1169
1170
1173
1175
1176
1177
1178
1179
1184
1185
1186
1188
1191
1193
1194
1197
1198
1201
1203
1209
1212
1214
1218
1220
1221
1222
1223
1224
1226
1227
1235
1236
1242
1245
1252
1254
1255
1258
1268
1271
1275
1276
1277
1278
1285
1286
1289
1292
1293
1295
1298
1299
1300
1302
1307
1308
1310
1311
1312
1332
1333
1340
1341
1344
1350
1354
1356
1357
1360
1363
1366
1369
1371
1372
1385
1386
1394
1398
1399
1400
1402
1404
1406
1409
1412
1416
1421
1422
1423
1426
1431
1432
1433
1435
1439
1445
1449
1450
1451
1452
1455
1456
1458
1461
1463
1466
1468
1469
1470
1475
1479
1481
1483
1487
1489
1490
1494
1498
1500
1504
1514
1516
1518
1519
1523
1524
1528
1529
1530
1531
1532
1536
1540
1542
1548
1554
1560
1571
1572
1573
1577
1579
1580
1582
1584
1590
1594
1599
1602
1609
1611
1620
1624
1626
1632
1634
1637
1638
1643
1646
1648
1651
1661
1663
1673
1680
1689
1690
1691
1692
1693
1698
1701
1703
1704
1705
1707
1708
1709
1717
1719
1721
1723
1725
1726
1727
1731
1732
1734
1738
1739
1742
1743
1746
1747
1751
1759
1760
1772
1774
1776
1777
1784
1785
1789
1790
1798
1800
1801
1804
1805
1809
1811
1812
1813
1819
1823
1825
1827
1828
1831
1833
1845
1846
1851
1853
1855
1857
1858
1859
1860
1862
1866
1867
1870
1875
1878
1880
1882
1885
1886
1889
1893
1896
1908
1909
1911
1913
1965
1977
1981
