126
607
1068
1110
1256
409
560
400
551
299
1254
1134
1088
1257
684
1427
1111
783
757
1122
1442
810
1212
1049
1536
1020
1419
1140
63
1149
790
70
821
1161
844
468
342
663
219
798
881
502
1261
420
442
1107
45
1072
565
1080
1116
1246
735
1136
401
157
1237
271
1093
98
701
411
848
824
1415
1019
1041
956
134
1481
558
872
304
889
1100
693
748
215
397
5
1268
1203
517
592
100
1164
419
382
585
1112
294
843
1204
871
970
168
1143
41
1021
1182
405
321
1133
961
1226
314
705
1305
1281
738
582
833
288
308
540
796
965
766
125
1258
163
1474
832
1265
901
486
838
803
744
1379
861
87
1146
1177
623
447
1079
1095
22
1008
127
1327
1303
1027
1034
16
105
1069
583
855
683
1102
580
354
102
107
1270
233
1071
96
303
612
908
240
1053
566
359
1381
1005
554
276
603
120
1231
262
82
657
1178
1289
1200
797
25
862
251
932
695
1345
1051
621
1084
1291
839
174
1338
1011
145
344
730
828
1162
1333
388
793
53
1050
484
122
808
535
1043
1214
496
389
980
1224
658
1003
868
634
1260
934
59
451
1354
211
1010
964
569
465
488
453
248
1441
1124
1135
1370
1408
1236
763
414
1029
986
208
283
1120
555
343
1424
1024
853
1244
38
1252
101
601
900
167
1087
682
142
1101
1180
1062
365
370
152
1234
477
1044
643
407
1184
454
687
238
489
910
764
1277
944
1393
201
577
434
1232
1221
923
846
1428
263
1282
575
1285
492
500
837
1058
1276
696
1123
686
865
681
57
18
749
429
322
1086
1220
66
524
1108
1273
1082
256
85
1288
28
450
449
218
521
138
1189
877
1158
378
403
916
1114
227
84
1267
922
831
327
559
776
317
80
737
780
807
587
752
858
1175
1138
1126
611
1334
1243
416
1455
527
339
295
503
523
791
426
58
1109
510
518
1075
774
690
773
1155
608
1163
732
1017
473
1355
1238
1269
671
124
427
422
1530
801
74
928
323
849
1324
1218
727
286
989
1348
1042
878
1311
675
121
869
883
75
629
1078
578
1026
1264
841
1239
239
1172
1353
236
78
920
941
467
553
203
740
48
1266
804
811
842
99
115
1241
564
177
914
1432
755
1230
313
68
51
999
938
1073
289
1076
1278
217
204
375
297
672
76
1153
480
955
904
1125
1211
1173
726
1152
1283
613
479
788
700
79
459
406
1429
987
1061
260
990
633
691
1031
966
887
836
1185
570
1272
772
927
151
689
71
951
873
924
30
62
116
206
1117
854
491
173
497
92
978
632
371
1006
1195
703
594
1046
650
921
712
636
698
809
1259
148
225
909
1325
207
1249
1425
1308
1150
1145
719
851
786
109
515
963
949
548
814
857
431
1380
1198
1119
995
159
1215
616
1009
280
1336
847
954
979
574
1057
834
1139
983
249
228
760
589
782
21
423
1064
1154
1466
576
1007
1132
724
1210
1437
1229
519
1144
860
33
1118
483
591
1197
899
1181
247
55
1409
189
550
639
852
967
893
1004
310
825
668
888
1121
1083
1036
971
272
253
1067
1235
898
649
785
863
1263
26
640
602
874
1047
1159
1063
224
631
638
1301
1275
822
731
144
1357
345
531
52
160
1094
1037
799
892
1030
430
381
362
556
328
947
886
348
136
1190
508
1169
1176
245
1028
209
1131
667
812
1240
290
931
1533
1157
193
44
190
867
1199
456
943
1148
784
129
827
817
925
462
1103
745
471
1191
714
1216
485
1098
991
1016
306
1186
1375
1002
538
903
627
355
1092
571
562
1335
54
1105
929
36
161
357
567
946
1060
318
1222
1025
743
653
952
380
985
948
278
507
1312
139
415
268
200
717
884
729
906
1245
775
210
1223
539
641
1362
1194
300
1351
758
1326
826
