3	1431
5	648
8	1033
10	2622
10	1670
14	1248
20	3080
24	1227
25	2331
26	2729
26	222
29	1422
30	1422
32	118
32	3009
34	75
38	2228
40	2625
42	2655
44	1227
44	1845
48	2185
52	1617
53	61
56	1027
57	487
62	1620
64	1431
65	1944
68	2411
71	660
72	1896
77	1222
79	2089
84	582
87	1710
88	3156
90	118
91	1992
92	582
92	2189
103	2130
104	1768
107	3193
120	1650
122	2421
123	1992
126	204
128	1041
130	1004
130	582
139	958
139	602
141	1036
146	1248
149	364
159	465
162	1070
166	667
167	2909
168	3193
169	247
173	519
178	1033
181	1422
181	1262
184	1825
188	2619
193	572
195	1407
195	1823
197	715
197	755
206	772
209	1991
211	1896
215	582
219	2254
221	1097
224	1622
226	1907
231	875
236	1582
236	618
243	931
243	1812
244	906
246	2782
246	1422
248	297
249	906
250	825
258	962
267	1259
267	749
272	450
280	1296
282	2348
283	3252
283	1596
285	1967
287	1011
289	1422
289	1943
291	873
293	1874
293	1585
294	540
294	3046
296	2853
298	468
308	3221
313	2984
317	411
318	717
322	1879
325	190
328	660
332	2259
332	2921
333	777
335	1088
335	723
337	1650
338	1227
340	2597
342	3296
346	1663
348	1991
348	399
350	2399
353	98
353	2434
356	230
356	3156
359	80
362	2339
365	630
372	3193
377	715
377	2405
378	2767
378	3272
379	582
379	2189
381	2955
381	1457
382	696
383	1033
386	98
388	2254
389	2989
392	2316
393	566
395	2622
395	2519
397	194
397	1522
398	1843
398	1251
401	2739
406	1296
407	1364
408	637
410	1808
412	2440
417	1335
417	915
419	1004
419	476
420	1933
422	2867
422	2237
433	2829
439	3128
442	2911
444	2655
444	1301
445	509
447	3286
449	1543
451	1630
451	2736
454	2828
458	2358
462	476
464	1853
464	1758
475	3295
478	3046
480	571
484	1531
484	1210
485	1052
488	667
489	582
495	1422
495	1262
496	861
499	886
500	3249
500	1809
501	1575
501	1011
502	517
503	1529
510	2827
512	620
513	297
516	2646
518	1896
520	2380
523	1840
526	920
526	2163
527	1422
527	1943
529	1724
532	1944
536	2477
537	650
544	1915
545	1046
545	2259
547	819
547	582
551	749
551	1259
553	114
555	540
562	1586
563	582
569	3153
569	624
575	620
576	1887
578	2367
579	1410
579	1531
587	582
594	292
598	1887
599	1259
600	1001
604	2458
606	41
607	1879
607	2868
609	2866
611	620
613	2603
615	2673
615	1818
633	1422
642	1000
644	2282
647	582
651	648
653	582
654	83
663	2385
666	1491
669	2492
674	1865
676	582
683	2558
686	2827
686	2181
687	655
688	279
689	2729
689	3221
693	2182
698	566
698	1004
704	2722
706	2927
708	3156
710	1159
712	1177
714	1083
722	3107
725	557
725	966
726	22
728	54
729	2977
733	1296
736	2339
737	263
738	3241
741	225
745	2921
750	1065
751	1447
756	2385
760	667
760	1707
761	2375
769	1016
774	2606
776	1030
776	781
779	132
780	472
782	2945
784	1822
791	2309
793	60
798	1992
799	1422
805	413
809	541
814	908
815	2339
816	2426
818	1202
820	47
824	33
827	2421
830	482
832	73
832	1779
833	482
837	487
841	1459
846	3193
851	548
851	2863
853	2252
856	2739
859	1795
862	400
863	2209
867	1173
871	390
872	1665
874	2866
878	595
879	582
880	1877
882	450
882	2519
885	2434
894	1070
894	1668
900	1072
905	1484
911	540
916	60
918	3080
926	160
926	934
927	1135
927	2899
929	2863
940	877
940	1155
944	165
949	2579
950	2292
954	2366
954	3108
955	3144
956	1461
956	1022
957	399
959	1949
960	747
969	1687
970	1949
972	1736
974	670
975	2478
976	2434
978	1422
979	2458
981	2311
988	2458
989	1033
994	2224
1007	1208
1008	1668
1010	2925
1017	530
1020	450
1020	542
1023	1493
1024	572
1025	931
1025	2490
1042	3045
1048	1143
1049	2339
1051	1035
1058	1366
1059	41
1062	66
1063	2543
1068	2899
1076	482
1076	1589
1084	2343
1084	1123
1098	47
1099	667
1105	1894
1105	1167
1107	2497
1108	891
1109	574
1109	1518
1111	2727
1118	1194
1120	1659
1120	2654
1122	2396
1128	414
1128	1761
1129	3241
1132	76
1136	2196
1138	2767
1140	487
1141	1241
1146	1896
1147	1449
1149	1404
1151	1847
1163	2348
1165	2041
1165	2462
1172	884
1172	1363
1174	431
1178	69
1178	157
1179	667
1179	1707
1185	2955
1187	667
1188	1021
1191	3108
1193	1981
1195	749
1196	1791
1197	1896
1198	1724
1203	664
1205	2830
1206	1035
1207	990
1212	1473
1215	517
1217	247
1218	1868
1223	990
1224	2348
1226	2853
1231	1586
1233	228
1234	1033
1236	696
1242	2311
1243	667
1244	3193
1246	922
1246	2776
1247	476
1247	819
1254	2722
1257	875
1260	1981
1261	2480
1261	2481
1265	247
1265	1239
1266	3273
1268	431
1268	2352
1272	624
1273	1422
1278	331
1280	921
1282	1144
1285	1523
1292	1811
1293	673
1298	179
1298	2092
1299	2406
1300	75
1307	1865
1308	2680
1309	1072
1310	3221
1315	998
1318	624
1322	96
1322	132
1325	101
1328	1253
1329	132
1331	772
1334	156
1338	19
1342	2396
1350	147
1350	1399
1352	1829
1353	2900
1355	2866
1355	2984
1358	2919
1359	2174
1365	1933
1373	1948
1376	775
1380	742
1380	1416
1383	83
1383	515
1384	2779
1385	2452
1387	582
1388	47
1393	1721
1396	1144
1400	1944
1401	1411
1401	2790
1408	1326
1412	3138
1415	1668
1415	1835
1421	992
1423	371
1424	709
1426	1033
1426	3153
1427	1343
1427	2925
1428	3037
1430	889
1434	101
1434	204
1436	901
1436	1810
1437	812
1437	2259
1443	61
1445	2401
1445	2020
1446	1574
1450	1505
1451	19
1454	109
1455	142
1455	2734
1460	629
1463	2704
1464	541
1464	1551
1466	286
1467	1097
1468	2350
1468	1867
1469	920
1469	2163
1470	1422
1474	70
1476	2655
1477	541
1478	573
1481	660
1482	218
1483	1821
1483	1795
1485	721
1485	1135
1486	1864
1487	1491
1490	2033
1492	2565
1492	1625
1498	515
1504	1933
1510	49
1510	1253
1514	61
1515	998
1516	582
1521	854
1525	582
1527	81
1527	591
1528	225
1530	667
1532	450
1532	1915
1533	113
1533	2927
1537	524
1538	114
1540	2363
1542	2420
1542	2558
1546	772
1553	1237
1556	1144
1558	2331
1562	1324
1565	670
1566	135
1569	908
1576	2174
1578	28
1579	1092
1590	1422
1590	1943
1595	2945
1599	453
1599	2116
1615	2646
1618	1864
1619	1044
1619	2323
1621	530
1624	3037
1629	1220
1629	2473
1633	2622
1635	1112
1638	951
1639	102
1641	530
1642	2474
1652	2733
1654	2312
1657	2868
1658	1422
1660	405
1660	582
1662	1092
1667	2603
1667	3286
1669	297
1671	792
1671	2400
1674	1503
1675	2543
1679	3295
1682	695
1684	455
1685	3133
1686	114
1691	777
1693	582
1694	1241
1696	1760
1697	75
1701	582
1711	1702
1717	629
1719	2589
1720	1173
1723	747
1727	1865
1728	3193
1729	2345
1732	2033
1734	61
1737	1677
1738	672
1738	1156
1740	661
1740	2638
1742	2458
1743	2033
1744	1610
1748	102
1749	1349
1751	460
1752	1616
1753	582
1754	999
1755	170
1755	2363
1762	1441
1766	1991
1769	2767
1771	1620
1774	1702
1777	2224
1787	2209
1789	812
1794	914
1796	886
1797	637
1799	1811
1804	2458
1817	450
1817	1620
1819	109
1824	1883
1826	1620
1827	3204
1832	920
1832	2163
1834	1422
1842	83
1842	2646
1844	2460
1846	1381
1848	2401
1849	2400
1850	1933
1854	1435
1855	1123
1855	2343
1860	179
1860	2092
1861	76
1861	2530
1863	942
1863	2368
1866	1016
1870	2945
1871	13
1871	2478
1872	2655
1882	1577
1889	329
1891	3046
1901	1167
1902	717
1902	2976
1902	2703
1910	2925
1912	28
1912	2080
1916	390
1916	2351
1917	2339
1919	2259
1920	1484
1921	582
1921	637
1921	2316
1922	557
1923	1640
1923	2183
1925	1341
1925	1529
1926	2945
1928	279
1936	2974
1939	2447
1942	268
1945	540
1946	2899
1950	1079
1953	2848
1953	2041
1958	1724
1959	1721
1961	595
1961	755
1963	842
1964	1768
1966	530
1968	230
1970	2909
1973	1877
1973	2799
1976	2827
1980	2655
1983	3152
1984	2989
1985	2909
1986	1879
1986	2711
1987	709
1987	2174
1990	1093
1990	2424
1994	165
1995	1918
1995	2089
1996	435
1996	2880
1998	572
1999	865
1999	2212
1999	2578
2000	1655
2001	198
2002	2398
2003	161
2015	1555
2017	2174
2022	3071
2024	850
2025	304
2025	494
2025	2977
2028	429
2030	1818
2031	1858
2032	242
2032	1582
2032	2299
2035	1829
2039	1462
2040	2957
2043	78
2045	2783
2047	1422
2048	1896
2049	574
2052	1094
2052	1894
2052	2900
2053	453
2053	1214
2053	1422
2054	1046
2054	1087
2055	1571
2055	1791
2057	1130
2058	1613
2058	2727
2059	28
2059	142
2060	1189
2060	1208
2060	1491
2064	1422
2064	2396
2068	148
2070	2736
2073	347
2073	1019
2074	114
2076	189
2077	1828
2082	2957
2085	1002
2086	1159
2087	891
2088	247
2088	1366
2091	1811
2094	2974
2095	1227
2095	2245
2095	2335
2100	582
2102	1811
2103	390
2105	390
2107	1997
2107	2398
2108	487
2108	1021
2112	1033
2112	1710
2114	427
2114	1705
2114	2559
2115	1422
2115	2782
2115	2967
2119	55
2119	796
2119	2196
2120	3009
2121	1351
2122	1835
2122	2399
2124	1440
2126	626
2133	160
2133	934
2134	582
2134	624
2134	2911
2136	914
2139	1422
2140	22
2141	292
2147	1429
2147	1587
2147	2421
2148	1011
2151	493
2152	1145
2154	429
2154	3215
2156	1457
2158	100
2158	1026
2160	792
2161	1093
2161	2424
2162	2622
2168	1767
2170	1896
2170	2703
2176	917
2176	2853
2177	860
2178	861
2179	405
2179	582
2180	1822
2180	3107
2184	1364
2184	1813
2187	1493
2198	102
2199	677
2200	1821
2200	2435
2202	843
2202	1808
2203	476
2205	847
2205	1875
2205	1879
2206	590
2206	2185
2206	2868
2208	1634
2208	3128
2210	1239
2210	1472
2210	3153
2211	1232
2211	1617
2215	1461
2215	1710
2218	194
2218	923
2219	723
2219	2339
2227	3080
2232	1887
2233	1887
2233	2372
2235	744
2239	2632
2240	1364
2242	992
2244	1422
2244	2868
2246	1194
2247	887
2247	1644
2249	582
2249	1239
2250	2399
2251	3295
2253	1724
2253	1758
2255	3221
2258	582
2261	777
2262	3295
2266	865
2267	574
2267	1518
2275	421
2275	2132
2275	2899
2276	1348
2277	886
2277	2655
2278	2259
2278	2646
2278	3046
2281	2651
2283	1865
2284	98
2288	2541
2291	2828
2293	1591
2295	450
2295	542
2296	205
2296	783
2296	2646
2297	98
2298	953
2301	915
2302	1915
2305	942
2306	1186
2306	3156
2313	28
2315	28
2315	136
2319	630
2319	1757
2321	620
2321	1557
2321	2320
2324	55
2324	2506
2326	279
2327	198
2328	1031
2328	1812
2330	1011
2332	1551
2332	1704
2332	2269
2334	2309
2338	2339
2340	1981
2341	49
2341	2342
2346	2080
2346	2345
2347	1992
2347	2345
2349	1840
2349	2348
2354	1030
2354	1971
2354	2353
2355	2356
2357	1867
2357	1887
2357	2358
2364	881
2364	2228
2370	69
2370	2369
2373	1971
2373	2372
2374	2372
2377	937
2377	1831
2378	54
2378	2062
2379	946
2379	1584
2379	2380
2382	1144
2383	2316
2386	2385
2387	1583
2389	1419
2391	234
2391	582
2395	2460
2397	2396
2402	2380
2407	2352
2413	620
2413	2174
2423	1093
2423	2424
2425	1093
2425	2424
2431	1887
2431	2358
2433	208
2433	218
2433	1718
2436	179
2436	2092
2438	664
2439	620
2439	2174
2441	2440
2445	673
2445	2955
2445	2957
2446	1878
2448	1683
2448	2447
2449	1683
2449	2447
2451	1683
2451	2447
2453	1589
2453	3156
2459	2458
2461	2458
2463	371
2463	2339
2464	567
2466	744
2466	1698
2467	877
2467	1155
2469	1555
2471	891
2472	1220
2472	2473
2476	792
2479	781
2479	1971
2482	1245
2483	695
2483	1251
2484	565
2485	214
2485	1568
2485	2767
2486	567
2489	2487
2491	2492
2493	1903
2495	649
2495	2646
2495	3046
2498	822
2498	1043
2498	3274
2499	2067
2501	441
2501	747
2505	650
2511	98
2511	2509
2512	884
2512	1363
2513	2514
2515	540
2515	2911
2517	329
2522	1112
2524	473
2524	3249
2525	51
2528	1349
2531	584
2531	1039
2531	1170
2532	1082
2534	1944
2534	2380
2535	1944
2536	588
2537	588
2537	1255
2539	1933
2542	1724
2545	889
2545	2799
2546	152
2547	920
2547	2163
2547	2316
2549	2367
2549	3152
2550	2551
2552	1119
2552	1577
2553	1381
2555	2209
2555	2554
2555	2604
2556	586
2557	70
2560	777
2560	1447
2567	906
2568	906
2571	99
2571	170
2572	97
2572	902
2572	1201
2574	648
2574	2573
2575	648
2575	2573
2577	525
2577	705
2586	744
2586	1698
2586	3138
2590	935
2592	847
2594	394
2594	1333
2595	641
2595	1080
2598	136
2598	2507
2598	2596
2599	2596
2601	1271
2601	1302
2601	1461
2605	620
2605	1028
2607	1311
2608	1027
2612	1210
2612	1335
2613	247
2613	2329
2614	2329
2615	216
2618	329
2620	854
2624	483
2628	1890
2630	629
2634	222
2634	1392
2636	95
2636	1620
2640	661
2640	2638
2641	661
2641	2638
2642	1227
2644	76
2644	1457
2647	517
2647	648
2648	1097
2648	1894
2652	2358
2656	951
2657	1052
2657	2863
2658	109
2659	109
2660	917
2660	2853
2661	2080
2662	2080
2663	755
2663	1422
2664	755
2664	1422
2665	755
2665	2564
2665	2784
2666	755
2668	1422
2669	1441
2669	2603
2671	2670
2674	286
2675	1399
2675	2224
2676	307
2676	2224
2677	114
2678	1883
2682	2329
2683	721
2683	1135
2684	1222
2687	177
2687	2442
2692	865
2693	873
2696	179
2702	1896
2702	2703
2707	1896
2708	908
2708	1896
2709	1313
2710	1894
2712	1493
2713	2005
2713	3232
2715	1480
2716	160
2719	413
2719	468
2719	2519
2720	413
2720	2519
2720	2718
2721	541
2721	1620
2723	2722
2726	1170
2726	2727
2728	1130
2731	1847
2731	2005
2731	3232
2735	161
2738	1448
2740	2189
2740	2739
2741	2739
2745	541
2745	703
2745	1768
2746	1845
2749	1119
2752	1052
2754	1159
2755	1159
2759	1956
2763	300
2766	1568
2768	886
2769	886
2770	813
2770	1585
2771	670
2771	813
2771	1585
2772	2773
2772	3272
2780	1211
2780	2779
2787	524
2789	339
2791	695
2792	695
2794	1173
2796	1173
2797	875
2797	1918
2803	170
2803	311
2804	165
2811	1447
2812	441
2814	1410
2814	2815
2816	1004
2816	1324
2817	1324
2821	1422
2822	1071
2822	1422
2822	2128
2823	1422
2823	1943
2824	1214
2824	1422
2825	1262
2825	1422
2826	59
2826	1214
2826	1422
2836	212
2836	2835
2837	783
2839	887
2840	541
2840	582
2842	2828
2844	504
2844	670
2845	624
2845	777
2845	924
2854	292
2855	101
2855	825
2855	1340
2857	222
2857	1392
2859	887
2859	1230
2859	2830
2860	1214
2860	2230
2862	616
2864	2863
2869	2868
2870	2868
2875	675
2875	2509
2877	1208
2878	2342
2882	968
2882	2435
2883	186
2883	2507
2884	1125
2884	1890
2886	1625
2886	1965
2886	2681
2887	396
2888	1650
2889	608
2891	486
2891	1115
2893	2385
2894	3144
2897	1259
2898	567
2898	1435
2898	2730
2901	2899
2902	2899
2903	2899
2906	946
2910	540
2910	610
2912	1484
2912	2063
2912	2113
2913	2292
2918	1461
2918	1710
2924	2401
2926	1232
2926	1617
2926	2927
2928	214
2928	2773
2931	316
2931	637
2932	316
2936	310
2936	1878
2937	310
2938	524
2939	690
2942	2264
2943	2368
2948	331
2948	690
2948	1709
2951	2950
2952	2950
2953	1088
2954	1471
2954	2494
2956	1457
2956	2955
2959	2401
2959	3025
2963	812
2973	465
2973	582
2973	3009
2975	497
2975	2974
2978	1262
2979	230
2985	730
2986	730
2987	730
2990	2989
2992	60
2993	234
2993	3215
2994	49
2994	491
2994	2984
3000	2828
3002	336
3006	1822
3007	690
3007	3249
3008	1933
3010	550
3010	1162
3011	1808
3012	228
3013	965
3014	965
3014	1112
3014	1617
3018	83
3018	923
3018	2646
3019	803
3020	1981
3021	1189
3022	1610
3027	1989
3027	2426
3028	746
3028	2427
3029	80
3034	1440
3034	2736
3035	958
3035	1858
3036	1066
3036	3203
3038	3037
3039	610
3040	2348
3041	2348
3042	1115
3047	541
3048	541
3049	541
3050	541
3051	194
3051	1094
3052	194
3053	1143
3054	2626
3066	1021
3066	2589
3068	1868
3069	1083
3070	161
3072	3080
3073	213
3073	962
3074	2435
3075	1949
3078	1153
3079	1153
3081	3080
3084	156
3086	968
3087	101
3087	204
3089	2400
3093	303
3093	2254
3099	582
3099	649
3099	923
3101	667
3102	711
3103	711
3106	3107
3109	3108
3110	3108
3114	1760
3117	1252
3117	1571
3118	1252
3118	1571
3119	1252
3119	1571
3120	1000
3124	245
3125	1907
3129	1349
3130	47
3131	47
3132	3193
3134	132
3134	205
3134	3133
3139	1992
3142	2460
3145	3144
3146	519
3148	582
3149	2185
3150	2185
3151	1341
3154	951
3157	1026
3160	2062
3161	101
3164	2363
3164	2637
3167	2309
3168	2309
3169	1523
3169	3172
3170	1523
3171	1523
3171	3172
3173	3172
3174	1143
3184	190
3185	1092
3186	303
3187	3045
3189	245
3194	1822
3194	3193
3195	3193
3196	3193
3197	33
3197	3193
3198	1811
3199	1529
3200	655
3201	655
3202	2153
3207	1135
3208	1949
3209	1655
3210	3193
3212	1392
3213	506
3216	582
3217	582
3218	582
3219	1237
3220	1687
3220	1822
3222	2092
3223	778
3224	2041
3224	2462
3225	873
3229	1321
3230	239
3230	1321
3231	2252
3233	935
3234	269
3235	269
3236	269
3236	3228
3242	268
3246	1313
3246	1462
3248	508
3251	22
3253	1045
3253	1596
3253	3252
3254	767
3256	1670
3261	673
3263	460
3263	3030
3265	205
3265	212
3266	2196
3269	2237
3271	1822
3275	744
3276	482
3280	1194
3282	2339
3284	2673
3287	3286
3288	2497
3294	1410
3294	1813
3294	2153
3298	266
3299	83
3299	515
3304	734
3304	1651
3305	1733
3306	1733
3308	19
3309	41
3311	717
3312	1981
3314	998
3317	2911
3318	83
3324	131
3324	268
3324	2820
3326	33
