13
2062
2063
19
2067
22
28
2080
33
2089
41
2092
47
49
51
54
55
59
60
61
2113
66
2116
69
70
73
75
76
78
2128
81
2130
83
2132
80
95
96
97
98
99
100
101
102
2153
109
113
114
2163
118
2174
131
132
2181
2182
2183
136
2185
135
2189
142
147
2196
148
152
156
157
160
2209
161
2212
165
170
2224
177
179
2228
2230
186
2237
189
190
194
2245
198
2252
205
2254
204
208
2259
212
213
214
2264
216
218
2269
222
225
228
230
2282
234
239
242
2292
245
247
2299
2309
263
2311
2312
266
2316
269
268
2320
2323
279
2329
2331
286
2335
2339
292
2342
2343
2345
297
2348
300
2350
303
2351
2353
2352
307
2356
304
2358
310
311
2363
316
2366
2367
2368
2369
2372
2375
329
331
2380
336
2385
339
347
2396
2398
2399
2400
2401
2405
2406
2411
364
371
2420
2421
2424
2426
2427
2434
2435
390
2440
2442
394
396
2447
399
400
2452
405
2458
411
2460
413
414
2462
421
2473
2474
427
429
2478
431
2477
2481
2480
435
2487
441
2490
2492
2494
2497
450
453
455
2506
2507
460
2509
465
2514
468
2519
472
473
476
482
2530
483
486
487
491
2541
493
2543
494
497
2551
504
506
2554
508
509
2558
2559
515
2564
517
2565
519
524
525
2573
2578
530
2579
540
541
2589
542
2596
2597
548
550
2603
2604
557
2606
565
566
567
2619
571
572
2622
574
573
2625
2626
582
2632
584
586
588
2637
2638
591
590
595
2646
602
2651
2654
2655
608
610
616
618
620
2670
624
2673
626
629
630
2680
2681
637
641
648
649
650
2703
2704
655
660
661
2711
664
667
670
2718
672
673
2722
675
677
2727
2729
2730
2733
2734
2736
690
2739
695
696
703
705
709
711
715
717
2767
721
723
2773
2776
730
2779
2782
2783
2784
734
2790
742
744
746
747
749
2799
755
2815
767
772
2820
775
777
778
2827
2828
2829
2830
783
781
2835
792
796
2848
803
2853
812
813
2863
2866
819
2868
2867
822
825
2880
842
843
847
850
2899
2900
854
860
2909
861
2911
865
2919
2921
873
875
2925
877
2927
881
884
886
887
889
891
2945
901
902
2950
906
2955
908
2957
914
915
917
2967
920
921
922
923
924
2974
2976
2977
931
934
935
2984
937
2989
942
946
951
953
958
3009
962
965
966
968
3025
3030
3037
990
992
3045
3046
998
1000
1001
1002
999
1004
1011
1016
1019
1021
1022
3071
1026
1027
1028
1030
1031
3080
1033
1035
1036
1039
1041
1043
1044
1045
1046
1052
3107
3108
1065
1066
1070
1071
1072
1079
1080
3128
1082
1083
3133
1087
1088
3138
1092
1093
1094
3144
1097
3152
3153
3156
1112
1115
1119
1123
3172
1125
1130
1135
1143
1144
3193
1145
1153
1155
3204
3203
1156
1159
1162
1167
3215
1170
3221
1173
1177
3228
3232
1186
1189
3241
1194
3249
1202
1201
3252
1208
1210
1211
1214
1220
1222
3272
3273
3274
1227
1230
1232
1237
3286
1239
1241
1245
3295
1248
3296
1251
1252
1253
1255
1259
1262
1271
1296
1301
1302
1311
1313
1321
1324
1326
1333
1335
1340
1341
1343
1348
1349
1351
1363
1364
1366
1381
1392
1399
1404
1407
1410
1411
1416
1419
1422
1429
1431
1435
1440
1441
1447
1448
1449
1457
1459
1461
1462
1471
1472
1473
1480
1484
1491
1493
1503
1505
1518
1522
1523
1529
1531
1543
1551
1555
1557
1568
1571
1574
1575
1577
1582
1583
1584
1585
1586
1587
1589
1591
1596
1610
1613
1616
1617
1620
1622
1625
1630
1634
1640
1644
1650
1651
1655
1659
1663
1665
1668
1670
1677
1683
1687
1698
1702
1704
1705
1707
1709
1710
1718
1721
1724
1733
1736
1757
1758
1760
1761
1767
1768
1779
1791
1795
1808
1809
1810
1811
1812
1813
1818
1821
1822
1823
1825
1828
1829
1831
1835
1840
1843
1845
1847
1853
1858
1864
1865
1867
1868
1874
1875
1877
1878
1879
1883
1887
1890
1894
1896
1903
1907
1915
1918
1933
1943
1944
1948
1949
1956
1965
1967
1971
1981
1989
1991
1992
1997
2005
2020
2033
2041
