0
25
30
31
32
41
42
47
77
84
99
102
104
114
123
130
133
137
145
159
163
179
183
185
186
188
199
218
243
250
252
260
262
264
266
268
271
272
274
278
279
281
285
286
293
297
305
306
309
323
334
338
339
341
343
344
346
350
351
360
369
373
381
389
393
394
396
397
400
401
404
407
413
415
424
425
426
432
433
464
486
490
495
504
505
514
515
537
542
553
561
567
582
585
589
595
603
611
617
630
641
659
661
664
678
681
689
691
692
704
732
750
753
764
766
767
769
770
778
796
802
806
813
814
816
821
822
823
840
847
848
858
862
868
872
877
881
887
891
895
897
924
925
926
927
935
938
939
951
963
965
968
969
979
1010
1011
1019
1039
1051
1063
1087
1095
1110
1113
1118
1123
1124
1126
1128
1129
1140
1147
1162
1166
1168
1186
1187
1198
1218
1232
1235
1274
1287
1293
1296
1304
1327
1328
1340
1343
1354
1357
1369
1375
1376
1422
1432
1441
1448
1456
1458
1469
1477
1487
1496
1523
1524
1540
1548
1549
1552
1554
1563
1565
1566
1569
1582
1585
1594
1609
1627
1637
1641
1653
1656
1683
1686
1689
1691
1717
1719
1722
1726
1727
1728
1743
1758
1774
1784
1785
1787
1789
1803
1805
1810
1811
1815
1825
1831
1840
1844
1868
1876
1878
1890
1903
1918
1941
1964
1966
1970
1971
1974
1978
2012
2019
2026
2030
2040
2061
2063
2081
2082
2084
2087
2112
2124
2130
2131
2132
2133
2134
2148
2151
2170
2171
2176
2177
2183
2185
2190
2199
2202
2207
2208
2210
2226
2229
2230
2268
2274
2275
2287
2292
2296
2303
2313
2320
2324
2337
2348
2362
2367
2391
2418
2419
2431
2434
2445
2454
2457
2472
2494
2506
2512
2527
2569
2593
2599
2604
2605
2610
2627
2662
2664
2669
2675
2695
2698
2708
2727
2728
2734
2751
2761
2764
2769
2770
2777
2794
2804
2822
2847
2859
2860
2866
2867
2870
2875
2908
2909
2919
2923
2927
2940
2966
2980
2984
2986
2988
2996
3007
3013
3040
3041
3042
3048
3064
3067
3074
3099
3108
3109
3125
3130
3158
3180
3199
3205
3206
3209
3213
3216
3220
3235
3249
3253
3265
3274
3288
3291
3297
3304
3306
3308
