0	0
25	1
30	1
31	1
32	1
41	0
42	0
47	0
77	1
84	0
99	0
102	1
104	0
114	0
123	1
130	1
133	0
137	0
145	0
159	1
163	0
179	1
183	1
185	0
186	0
188	0
199	0
218	1
243	1
250	0
252	0
260	0
262	1
264	0
266	1
268	1
271	0
272	1
274	1
278	1
279	2
281	0
285	1
286	1
293	2
297	1
305	1
306	0
309	2
323	0
334	0
338	1
339	0
341	0
343	2
344	0
346	0
350	0
351	0
360	0
369	0
373	0
381	2
389	0
393	0
394	0
396	2
397	2
400	0
401	0
404	0
407	1
413	2
415	2
424	0
425	0
426	0
432	2
433	2
464	0
486	0
490	1
495	0
504	0
505	1
514	0
515	0
537	1
542	0
553	1
561	1
567	1
582	2
585	0
589	0
595	0
603	0
611	0
617	1
630	0
641	0
659	0
661	0
664	1
678	0
681	2
689	1
691	0
692	0
704	2
732	1
750	0
753	0
764	0
766	2
767	0
769	1
770	1
778	0
796	0
802	1
806	0
813	1
814	0
816	0
821	0
822	0
823	1
840	0
847	0
848	0
858	2
862	1
868	0
872	0
877	0
881	1
887	1
891	1
895	1
897	1
924	1
925	0
926	2
927	2
935	0
938	0
939	0
951	0
963	1
965	0
968	2
969	2
979	0
1010	0
1011	1
1019	1
1039	1
1051	2
1063	1
1087	0
1095	1
1110	1
1113	2
1118	1
1123	1
1124	2
1126	0
1128	2
1129	1
1140	1
1147	1
1162	1
1166	1
1168	1
1186	2
1187	1
1198	2
1218	2
1232	2
1235	2
1274	1
1287	0
1293	2
1296	1
1304	1
1327	1
1328	0
1340	2
1343	0
1354	1
1357	1
1369	1
1375	1
1376	1
1422	2
1432	2
1441	1
1448	2
1456	2
1458	1
1469	2
1477	0
1487	2
1496	0
1523	1
1524	1
1540	2
1548	1
1549	2
1552	2
1554	2
1563	1
1565	1
1566	0
1569	1
1582	2
1585	1
1594	1
1609	2
1627	1
1637	1
1641	1
1653	1
1656	2
1683	2
1686	1
1689	1
1691	1
1717	1
1719	2
1722	0
1726	1
1727	1
1728	1
1743	1
1758	0
1774	2
1784	2
1785	2
1787	1
1789	1
1803	1
1805	2
1810	1
1811	2
1815	1
1825	2
1831	2
1840	1
1844	0
1868	0
1876	1
1878	2
1890	2
1903	0
1918	2
1941	1
1964	2
1966	1
1970	1
1971	1
1974	2
1978	1
2012	0
2019	1
2026	1
2030	1
2040	1
2061	1
2063	2
2081	1
2082	1
2084	1
2087	0
2112	2
2124	2
2130	1
2131	1
2132	1
2133	1
2134	0
2148	2
2151	2
2170	1
2171	1
2176	1
2177	1
2183	1
2185	0
2190	2
2199	1
2202	1
2207	1
2208	0
2210	1
2226	0
2229	0
2230	1
2268	1
2274	1
2275	1
2287	2
2292	2
2296	2
2303	1
2313	1
2320	1
2324	1
2337	2
2348	0
2362	1
2367	1
2391	0
2418	2
2419	1
2431	1
2434	0
2445	0
2454	0
2457	1
2472	2
2494	1
2506	1
2512	1
2527	1
2569	2
2593	1
2599	1
2604	1
2605	0
2610	2
2627	2
2662	0
2664	2
2669	1
2675	1
2695	1
2698	0
2708	1
2727	0
2728	1
2734	0
2751	1
2761	1
2764	1
2769	1
2770	0
2777	1
2794	1
2804	1
2822	0
2847	1
2859	2
2860	2
2866	1
2867	1
2870	2
2875	1
2908	0
2909	0
2919	1
2923	1
2927	1
2940	1
2966	2
2980	1
2984	0
2986	0
2988	1
2996	0
3007	1
3013	0
3040	1
3041	1
3042	2
3048	0
3064	1
3067	1
3074	1
3099	1
3108	1
3109	1
3125	1
3130	2
3158	1
3180	0
3199	1
3205	1
3206	0
3209	2
3213	1
3216	1
3220	1
3235	1
3249	2
3253	1
3265	2
3274	1
3288	1
3291	1
3297	1
3304	1
3306	1
3308	1
