1.3333368301391602 0.8972573280334473
1.0311074256896973 0.6874221563339233
0.9780750274658203 0.6540974378585815
0.8818703889846802 0.6719271540641785
0.805161714553833 0.6983715891838074
0.7389293909072876 0.7476529479026794
0.6909457445144653 0.7472602725028992
0.6770316958427429 0.7808122038841248
###depth 1 finished!
2.459824323654175 0.452690988779068
1.735173225402832 0.6249921917915344
1.5532197952270508 0.7042896747589111
1.202775001525879 0.7635290026664734
1.2043468952178955 0.8593156337738037
1.021582007408142 0.826326847076416
1.056720495223999 0.9241810441017151
0.9613550901412964 1.032021164894104
###depth 2 finished!
1.0540696382522583 1.005338430404663
0.9022949934005737 0.92188960313797
0.7647846937179565 1.1524713039398193
0.7178735733032227 0.9663479328155518
0.6424886584281921 1.3194698095321655
0.6578324437141418 1.0841567516326904
0.6034265756607056 1.3652702569961548
0.5889195203781128 1.1688205003738403
###depth 3 finished!
