1.1444686651229858 0.60636305809021
1.0764012336730957 0.6142274141311646
1.013965129852295 0.6173304915428162
0.9907883405685425 0.6099282503128052
0.9739916324615479 0.6111159920692444
0.9502930045127869 0.6150723099708557
0.9270433187484741 0.6187331676483154
0.9055880308151245 0.6168367862701416
0.8816860914230347 0.6273412704467773
0.880877673625946 0.6298209428787231
0.8513742089271545 0.63797527551651
0.8408178687095642 0.6452063918113708
0.8235694169998169 0.6546170115470886
0.812303364276886 0.6625056862831116
0.7960911393165588 0.6673091650009155
0.7796399593353271 0.6755210161209106
0.770249605178833 0.6869770884513855
0.7600550651550293 0.6933707594871521
0.7553807497024536 0.6926862597465515
0.7290498614311218 0.7121181488037109
0.7359814643859863 0.7133744359016418
0.7216996550559998 0.7138470411300659
0.7079431414604187 0.715939462184906
0.7097625732421875 0.7188301682472229
0.7040528059005737 0.7219812273979187
0.7036731243133545 0.7242186069488525
0.6994717717170715 0.7227124571800232
0.6946209073066711 0.721488893032074
0.6941031217575073 0.7219790816307068
0.6955662965774536 0.7241970896720886
0.6893988847732544 0.7230100631713867
0.6932523250579834 0.7215083837509155
0.6890506148338318 0.725036084651947
0.6899518370628357 0.7256037592887878
0.6906262636184692 0.7235695719718933
0.6885995268821716 0.7254862189292908
0.6888379454612732 0.7253735661506653
0.6895163655281067 0.7270938754081726
0.6869771480560303 0.725493848323822
0.6854864358901978 0.7369006276130676
0.685284435749054 0.7256626486778259
0.6840129494667053 0.7261267304420471
0.6843135952949524 0.7256152629852295
0.687533438205719 0.7217098474502563
0.6843338012695312 0.7228261828422546
0.6811338663101196 0.7252802848815918
0.6823018789291382 0.7266299724578857
0.6802921295166016 0.7254087328910828
0.6796267032623291 0.7270047068595886
0.6793568134307861 0.7288393378257751
0.6813286542892456 0.7276118993759155
0.6818570494651794 0.7274227738380432
0.676038920879364 0.7297037243843079
0.6764248609542847 0.7303202748298645
0.6765182018280029 0.7326455116271973
0.6801282167434692 0.7304306030273438
0.6738168597221375 0.7311911582946777
0.6748324036598206 0.7328037619590759
0.6782256960868835 0.7296076416969299
0.6705815196037292 0.7437313795089722
0.6756054162979126 0.7319266200065613
0.6740297675132751 0.7332624197006226
0.6764460206031799 0.7343031764030457
0.6735487580299377 0.7315242290496826
0.6717824339866638 0.734032154083252
0.6760715246200562 0.73488849401474
0.6743509769439697 0.734709620475769
0.672748863697052 0.7341092228889465
0.6721460819244385 0.7354485988616943
0.6692735552787781 0.7383465766906738
0.6703393459320068 0.7386536598205566
0.6671011447906494 0.7380005121231079
0.6657765507698059 0.740372896194458
0.6654056310653687 0.7439908981323242
0.6660409569740295 0.7439869046211243
0.6646950840950012 0.7443689107894897
0.6632087826728821 0.7495505213737488
0.6678358316421509 0.7469698786735535
0.6614013314247131 0.7455819249153137
0.6505333781242371 0.7589561343193054
0.6635687947273254 0.7523115873336792
0.6604235172271729 0.7530425190925598
0.6617690324783325 0.7500405311584473
0.6630589962005615 0.7505208253860474
0.6587873697280884 0.751087486743927
0.6590909957885742 0.7525467276573181
0.658474326133728 0.7555237412452698
0.6560284495353699 0.7568819522857666
0.6555441617965698 0.7570290565490723
0.6591096520423889 0.7586771845817566
0.6575032472610474 0.7611223459243774
0.6542204022407532 0.759380042552948
0.6518049240112305 0.762810230255127
0.648781955242157 0.7694185376167297
0.6476174592971802 0.7669044733047485
0.6446536779403687 0.7713242173194885
0.6426004767417908 0.7772491574287415
0.6491680145263672 0.7739994525909424
0.6438850164413452 0.7755694389343262
0.6387368440628052 0.8067981004714966
0.639352023601532 0.7792219519615173
0.6373773813247681 0.7777440547943115
0.6388829350471497 0.7841870188713074
0.6413598656654358 0.7812392115592957
0.6366233825683594 0.7823548316955566
0.6359726190567017 0.7906959652900696
0.6370567083358765 0.7907140851020813
0.6290780901908875 0.7942593693733215
0.6296499371528625 0.8016530871391296
0.624817430973053 0.8090705871582031
0.6253440380096436 0.8184579610824585
0.6184897422790527 0.8208785653114319
0.6142969727516174 0.8413330912590027
0.5984522104263306 0.8643147349357605
0.5847986936569214 0.8813179135322571
0.5742603540420532 0.9084829092025757
0.5549473166465759 0.9289925694465637
0.5475244522094727 0.9327844381332397
0.5325696468353271 0.9720900058746338
0.5126071572303772 0.9917844533920288
0.5077295303344727 1.0225695371627808
0.4991014897823334 1.0332847833633423
0.49278587102890015 1.0615369081497192
0.47964367270469666 1.0682584047317505
0.4623158872127533 1.1026360988616943
0.4479159712791443 1.1429802179336548
0.4384985566139221 1.1572085618972778
0.44736000895500183 1.1823149919509888
0.4317328631877899 1.2103846073150635
0.4237048625946045 1.234073519706726
0.4076540172100067 1.2337507009506226
0.40040838718414307 1.2529200315475464
0.39275333285331726 1.2751259803771973
0.383072167634964 1.2921115159988403
0.3870689272880554 1.3075339794158936
0.39268791675567627 1.3410122394561768
0.3700202703475952 1.343941569328308
0.3694711923599243 1.3631460666656494
0.36932408809661865 1.4143736362457275
0.3669207692146301 1.336042046546936
0.3679289221763611 1.3861486911773682
0.3570456802845001 1.41460120677948
0.35688620805740356 1.4193488359451294
0.34521543979644775 1.4608919620513916
0.3369032144546509 1.5443809032440186
0.3325142562389374 1.5288474559783936
0.3257061243057251 1.5500112771987915
0.32231396436691284 1.5930790901184082
0.31260955333709717 1.5676735639572144
0.310140997171402 1.5916786193847656
0.3046081066131592 1.598865270614624
0.2901269495487213 1.595158338546753
0.299099326133728 1.6218928098678589
0.29851043224334717 1.6847665309906006
0.2937755882740021 1.6233811378479004
0.28589963912963867 1.6392329931259155
0.2871924638748169 1.6523799896240234
0.3020232319831848 1.629549264907837
0.2803066670894623 1.6640195846557617
0.31804630160331726 1.5427130460739136
0.28917548060417175 1.6418401002883911
0.2772901952266693 1.619484543800354
0.29481178522109985 1.6500362157821655
0.2789013385772705 1.671390175819397
0.27177461981773376 1.7453941106796265
0.27795150876045227 1.7481681108474731
0.2754182815551758 1.6911213397979736
0.26689255237579346 1.7014681100845337
0.285891056060791 1.7098618745803833
0.2591038942337036 1.6954145431518555
0.2690260410308838 1.7330129146575928
0.2743317782878876 1.7010236978530884
0.26581209897994995 1.7138586044311523
0.2715458273887634 1.7187575101852417
0.27051442861557007 1.6871949434280396
0.26608166098594666 1.7263225317001343
0.27526983618736267 1.6518099308013916
0.2700440287590027 1.6718934774398804
0.2717522382736206 1.6881628036499023
0.2878628671169281 1.5554369688034058
0.28444525599479675 1.624070644378662
0.27891892194747925 1.6629185676574707
0.276517778635025 1.6031681299209595
0.2819977104663849 1.6596369743347168
0.2708551287651062 1.6806176900863647
0.2734273076057434 1.7062879800796509
0.2775549590587616 1.671513319015503
0.28254398703575134 1.6687517166137695
0.2749963104724884 1.6744641065597534
0.2962541878223419 1.6629465818405151
0.28873759508132935 1.7013933658599854
0.2870315611362457 1.677994728088379
0.28189313411712646 1.6878182888031006
0.2854296565055847 1.689355492591858
0.2956192195415497 1.6471829414367676
0.28667205572128296 1.6533929109573364
0.2931729555130005 1.6412403583526611
0.2908262312412262 1.6915223598480225
0.2984461784362793 1.6746196746826172
0.309558629989624 1.5977165699005127
0.299587607383728 1.643507719039917
0.299884557723999 1.6523302793502808
0.3040606379508972 1.6085773706436157
0.2930985987186432 1.6256349086761475
0.29936543107032776 1.6799923181533813
0.2968996465206146 1.6741634607315063
0.2973734438419342 1.6459108591079712
0.30295735597610474 1.6469447612762451
0.3093079924583435 1.658126950263977
0.3062930405139923 1.6126418113708496
0.3090864419937134 1.624108910560608
0.3094077706336975 1.6194322109222412
0.3030092418193817 1.6627815961837769
0.3061227798461914 1.6344540119171143
0.30612048506736755 1.6432743072509766
0.3106875717639923 1.6339770555496216
0.30789706110954285 1.6427849531173706
0.3214845657348633 1.623342514038086
0.3124069273471832 1.6582030057907104
0.35148775577545166 1.6099342107772827
0.32736292481422424 1.5790202617645264
0.3261690139770508 1.619863748550415
0.32576340436935425 1.6341986656188965
0.3096294105052948 1.6513795852661133
0.3080550730228424 1.7042601108551025
0.30728626251220703 1.6056164503097534
0.32971304655075073 1.643183946609497
0.3170382082462311 1.6657432317733765
0.2891313135623932 1.6353904008865356
0.3095378875732422 1.6420687437057495
0.3151082694530487 1.6545945405960083
0.3249657154083252 1.6700201034545898
0.3189464807510376 1.5811896324157715
0.33268222212791443 1.6554505825042725
0.3117114305496216 1.6207772493362427
0.31419122219085693 1.6440850496292114
0.320021390914917 1.63213050365448
0.31003907322883606 1.644052505493164
0.31148824095726013 1.6602184772491455
0.31325510144233704 1.5203027725219727
0.3036244511604309 1.610525131225586
0.31684595346450806 1.5595279932022095
0.32147422432899475 1.6135529279708862
0.31213128566741943 1.6688350439071655
0.31914159655570984 1.6084563732147217
0.3213481903076172 1.6536250114440918
0.3116278350353241 1.6641360521316528
0.3135806620121002 1.6452832221984863
0.3146776854991913 1.5869752168655396
0.32172295451164246 1.6037768125534058
0.31217214465141296 1.6297099590301514
0.33038952946662903 1.61582350730896
0.32096657156944275 1.5983754396438599
0.31216925382614136 1.6164393424987793
0.32641321420669556 1.593623399734497
0.31439805030822754 1.6261050701141357
0.3115808069705963 1.62507164478302
0.3104669749736786 1.6370705366134644
0.3217707872390747 1.63836669921875
0.3316993713378906 1.5014231204986572
0.30605387687683105 1.580086350440979
0.3160015642642975 1.567020297050476
0.31407973170280457 1.6356201171875
0.3079014718532562 1.6161627769470215
0.31631553173065186 1.6531658172607422
0.319246768951416 1.6392064094543457
0.31600433588027954 1.6333500146865845
0.3118181526660919 1.643953561782837
0.32702726125717163 1.6256345510482788
0.32582223415374756 1.6141859292984009
0.3319311738014221 1.5942684412002563
0.3096849024295807 1.641941785812378
0.30994871258735657 1.6213432550430298
0.3156736493110657 1.6252086162567139
0.3311213254928589 1.6296578645706177
0.3320242464542389 1.6175999641418457
0.3244597911834717 1.5859730243682861
0.3329375684261322 1.6770035028457642
0.32079198956489563 1.6594717502593994
0.3201597034931183 1.5507943630218506
0.33343252539634705 1.5936893224716187
0.3089699149131775 1.5536600351333618
0.33729222416877747 1.548827052116394
0.3254007399082184 1.6376882791519165
0.31349724531173706 1.5858173370361328
0.32911840081214905 1.6160646677017212
0.3256929814815521 1.6521247625350952
0.3190159201622009 1.6039891242980957
0.32457253336906433 1.6000598669052124
0.31683892011642456 1.6211936473846436
0.30832165479660034 1.6143214702606201
0.3357027471065521 1.590688943862915
0.31769540905952454 1.607923984527588
0.3241840600967407 1.6114132404327393
0.3141731321811676 1.634971022605896
0.31831201910972595 1.6313952207565308
0.3324432075023651 1.5484652519226074
0.32233262062072754 1.595030665397644
0.3295644521713257 1.6528270244598389
0.3295510411262512 1.471703290939331
0.33210718631744385 1.5736931562423706
0.33283552527427673 1.5633853673934937
0.3318363130092621 1.5825666189193726
0.32827693223953247 1.6053117513656616
0.3350493311882019 1.5929505825042725
0.32510486245155334 1.6225976943969727
0.3441752791404724 1.5968564748764038
0.3230688273906708 1.5819096565246582
0.31546247005462646 1.5989198684692383
0.3305421471595764 1.5896620750427246
0.33841487765312195 1.5590627193450928
0.3190041482448578 1.606898546218872
0.3193780779838562 1.606782078742981
0.31617170572280884 1.6160629987716675
0.33332589268684387 1.5697052478790283
0.3221883475780487 1.5486676692962646
0.3302326798439026 1.5847628116607666
0.33465486764907837 1.5667372941970825
0.3209737539291382 1.636894702911377
0.35242795944213867 1.5527803897857666
0.31956684589385986 1.5182932615280151
0.3409964442253113 1.5326504707336426
0.3566874861717224 1.5257391929626465
0.31619560718536377 1.4993976354599
0.33008527755737305 1.5521892309188843
0.33727121353149414 1.5699654817581177
0.33365726470947266 1.5513309240341187
0.32787463068962097 1.5741268396377563
0.3387405574321747 1.5156657695770264
0.3236522078514099 1.6078777313232422
0.3294292986392975 1.5609850883483887
0.33124613761901855 1.5859116315841675
0.32425612211227417 1.575571060180664
0.3376052677631378 1.5682278871536255
0.3483806550502777 1.54236900806427
0.3330537676811218 1.5103086233139038
0.34871041774749756 1.5263488292694092
0.34182092547416687 1.5058754682540894
0.33810508251190186 1.5586566925048828
0.3489566147327423 1.4087079763412476
0.3475477993488312 1.4612127542495728
0.34591951966285706 1.448885202407837
0.35613933205604553 1.4745653867721558
0.34012535214424133 1.4512752294540405
0.34118756651878357 1.4694511890411377
0.3441343605518341 1.471285104751587
0.3538803458213806 1.4619885683059692
0.33772900700569153 1.4290035963058472
0.34696802496910095 1.4571819305419922
0.34647655487060547 1.4718101024627686
0.3550359308719635 1.4056905508041382
0.3505585491657257 1.4575567245483398
0.35127362608909607 1.4559988975524902
0.35242897272109985 1.438856840133667
0.33679085969924927 1.4236568212509155
0.35904526710510254 1.452346682548523
0.36497485637664795 1.4506795406341553
0.3653351962566376 1.4159067869186401
0.35834744572639465 1.4029457569122314
0.38609054684638977 1.3320798873901367
0.3668842911720276 1.3689706325531006
0.3735356628894806 1.3800771236419678
0.3734797239303589 1.3677265644073486
0.3589799404144287 1.389442801475525
0.36657753586769104 1.3757691383361816
0.3598279356956482 1.3986152410507202
0.3600306510925293 1.3484300374984741
0.37178120017051697 1.3754549026489258
0.36174118518829346 1.3328332901000977
0.37277987599372864 1.3644814491271973
0.35928523540496826 1.3347182273864746
0.3832317888736725 1.334647297859192
0.3681165277957916 1.349909782409668
0.3702623248100281 1.3352173566818237
0.3727351427078247 1.3769187927246094
0.36289289593696594 1.3388265371322632
0.3766266703605652 1.3298087120056152
0.38220903277397156 1.347304344177246
0.3858737647533417 1.3268706798553467
0.40742596983909607 1.263567328453064
0.384592205286026 1.2834583520889282
0.37188899517059326 1.2746065855026245
0.39507928490638733 1.2701566219329834
0.39318835735321045 1.2946776151657104
0.3725651502609253 1.3158828020095825
0.3826257586479187 1.293492078781128
0.3988361358642578 1.344973087310791
0.3882713317871094 1.3066775798797607
0.39061906933784485 1.300689458847046
0.38156044483184814 1.300752878189087
0.3775220513343811 1.2566269636154175
0.3840527832508087 1.3148529529571533
0.3794807195663452 1.2548718452453613
0.3796411454677582 1.2769877910614014
0.38742709159851074 1.2971583604812622
0.38847774267196655 1.2730860710144043
0.3789576292037964 1.2740548849105835
0.3915010392665863 1.2564669847488403
0.39487820863723755 1.2722727060317993
0.43757182359695435 1.2645528316497803
###depth 1 finished!
4.266495227813721 1.5012588500976562
3.8832051753997803 1.2662174701690674
3.531446695327759 1.1444767713546753
3.244863986968994 1.028171420097351
2.989347219467163 0.9382482767105103
2.726099967956543 0.8651949763298035
2.4746971130371094 0.8358702063560486
2.2830703258514404 0.8140668869018555
2.065284252166748 0.7997350096702576
1.8850725889205933 0.798581063747406
1.678758144378662 0.7877310514450073
1.5242819786071777 0.7880781888961792
1.3980090618133545 0.7854942083358765
1.2994568347930908 0.776617169380188
1.2158560752868652 0.7825800180435181
1.1620509624481201 0.786639392375946
1.1126068830490112 0.7829083204269409
1.0514034032821655 0.7873334884643555
1.0332485437393188 0.7901739478111267
0.9940274953842163 0.7903136610984802
0.9735535383224487 0.8006256818771362
0.9532502889633179 0.805820643901825
0.942630410194397 0.808112382888794
0.9305756688117981 0.815606415271759
0.8924667835235596 0.8152779340744019
0.8982426524162292 0.8236281871795654
0.8719877004623413 0.8275097608566284
0.8769494295120239 0.839092493057251
0.86468106508255 0.8371740579605103
0.8566073179244995 0.8514057397842407
0.8405765295028687 0.8557241559028625
0.8349984288215637 0.8525766134262085
0.8321300745010376 0.8590749502182007
0.804040789604187 0.8748260736465454
0.8077211976051331 0.8717834949493408
0.802834153175354 0.8743826746940613
0.8050383925437927 0.8787969350814819
0.8094425201416016 0.8822236657142639
0.7880227565765381 0.8987573385238647
0.7888256311416626 0.9055390954017639
0.7924303412437439 0.9169963598251343
0.7733532190322876 0.9202221035957336
0.7707176208496094 0.915752112865448
0.7621171474456787 0.918855607509613
0.7574939727783203 0.9393957257270813
0.7744302153587341 0.94469153881073
0.749455451965332 0.9405884742736816
0.7435637712478638 0.9445964097976685
0.7415452003479004 0.9527024626731873
0.7529084086418152 0.9511225819587708
0.7566819787025452 0.9436789155006409
0.7646253108978271 0.9251159429550171
0.7612374424934387 0.9357879757881165
0.7633363604545593 0.9352908134460449
0.745649516582489 0.9268425107002258
0.7961158752441406 0.9202830195426941
0.8040173649787903 0.895580530166626
0.8112881779670715 0.9074164628982544
0.8208861351013184 0.8943849205970764
0.8218103051185608 0.9063452482223511
0.8351815938949585 0.9061763286590576
0.8482279777526855 0.9024771451950073
0.8047361373901367 0.9116922616958618
0.8318215608596802 0.9360522627830505
0.7915907502174377 0.937467098236084
0.7823957800865173 0.9685683846473694
0.7922530770301819 0.9671134948730469
0.7644412517547607 1.012210726737976
0.7363094091415405 1.0143556594848633
0.711179792881012 1.0678855180740356
0.7085027694702148 1.0820794105529785
0.6865648031234741 1.0741158723831177
0.6586563587188721 1.1007760763168335
0.6610575914382935 1.141416311264038
0.6217210292816162 1.1688448190689087
0.6287814974784851 1.179240345954895
0.6118050813674927 1.2044134140014648
0.5796189308166504 1.2075591087341309
0.603039026260376 1.24200439453125
0.5737696886062622 1.2108662128448486
0.5596171021461487 1.2446081638336182
0.564572811126709 1.2635148763656616
0.5548909902572632 1.2684073448181152
0.5384197235107422 1.2647175788879395
0.5582065582275391 1.2812260389328003
0.5495898723602295 1.2789539098739624
0.5459154844284058 1.2887957096099854
0.5512788891792297 1.280897855758667
0.5118258595466614 1.2853528261184692
0.5284208655357361 1.316794753074646
0.5094669461250305 1.305696964263916
0.49898502230644226 1.308708667755127
0.5241607427597046 1.3049697875976562
0.5343590378761292 1.338943362236023
0.5004014372825623 1.334088683128357
0.4900413155555725 1.333571195602417
0.5061588883399963 1.338136076927185
0.49450233578681946 1.3555903434753418
0.48077592253685 1.353786826133728
0.48458847403526306 1.3542202711105347
###depth 2 finished!
1.6584995985031128 0.527181088924408
1.6472450494766235 0.5648978352546692
1.5324833393096924 0.6029055118560791
1.5205788612365723 0.5814502239227295
1.5647802352905273 0.6086733937263489
1.4680795669555664 0.5972099304199219
1.4587829113006592 0.6539495587348938
1.361921787261963 0.662375807762146
1.4061049222946167 0.6441453695297241
1.3982011079788208 0.669708251953125
1.3443541526794434 0.658534824848175
1.3512091636657715 0.6736665964126587
1.3066771030426025 0.6959323287010193
1.296644926071167 0.693813681602478
1.2470371723175049 0.7349269986152649
1.2095247507095337 0.7226499319076538
1.2198305130004883 0.7280921936035156
1.2601901292800903 0.7403850555419922
1.1924155950546265 0.7331331968307495
1.1100847721099854 0.7472770810127258
1.135148286819458 0.7601773738861084
1.13875150680542 0.769163966178894
1.1165434122085571 0.7738122344017029
1.0959125757217407 0.7539569735527039
1.095663070678711 0.7761588096618652
1.1246247291564941 0.7695926427841187
1.0598620176315308 0.7640380859375
1.0749356746673584 0.8014419078826904
1.0582703351974487 0.8003717660903931
1.0787633657455444 0.7613996267318726
1.0623146295547485 0.8040822148323059
1.0476678609848022 0.8187258243560791
1.0054672956466675 0.8162092566490173
1.0298000574111938 0.7968599796295166
1.0387779474258423 0.7991381883621216
1.0230234861373901 0.8402881622314453
1.0134869813919067 0.8394812941551208
0.9980875849723816 0.8101069927215576
0.971248209476471 0.8463948369026184
0.999285876750946 0.8176673054695129
0.9553249478340149 0.837913453578949
0.9558876156806946 0.8581275939941406
0.9724274277687073 0.8286932110786438
0.9903354048728943 0.8762646317481995
0.9539551734924316 0.8391569256782532
0.9427565336227417 0.8533204793930054
0.9902499318122864 0.813850462436676
0.9339374303817749 0.8560456037521362
0.9482133388519287 0.8491003513336182
0.9529610872268677 0.8317986130714417
0.9687283635139465 0.7976673245429993
0.9594851732254028 0.8123844861984253
0.9583495259284973 0.8292688131332397
0.9440291523933411 0.8409212231636047
0.9394668936729431 0.8234343528747559
0.9791706204414368 0.8481144309043884
0.9706614017486572 0.8147405982017517
0.9282020330429077 0.8343937397003174
0.935767650604248 0.8622268438339233
0.9051476716995239 0.829795241355896
0.9006006717681885 0.8381837010383606
0.9191780686378479 0.8359497785568237
0.8876467347145081 0.8164636492729187
0.9128245115280151 0.8223174214363098
0.9258608222007751 0.8548909425735474
0.9436159133911133 0.8416699171066284
0.9257882833480835 0.8519865274429321
0.9264561533927917 0.8196114897727966
0.8774842023849487 0.8231434226036072
0.9063758850097656 0.8700810670852661
0.910555362701416 0.8168376088142395
0.9089198708534241 0.8414978981018066
0.8708639144897461 0.8442375063896179
0.8863090872764587 0.8660184741020203
0.9307558536529541 0.8470407724380493
0.8843218684196472 0.8828819990158081
0.906234085559845 0.8688444495201111
0.8474701642990112 0.9133272171020508
0.8763037919998169 0.8672268986701965
0.8339977264404297 0.9406335949897766
0.8263682126998901 0.881986677646637
0.8472696542739868 0.8825364708900452
0.8198570013046265 0.9052373170852661
0.8367068767547607 0.9104834794998169
0.8206993341445923 0.8955343961715698
0.8054558634757996 0.9135892391204834
0.8648570775985718 0.9011841416358948
0.8205589652061462 0.9109075665473938
0.8360174894332886 0.9308079481124878
0.8030362725257874 0.9281785488128662
0.796494722366333 0.9269100427627563
0.7941554188728333 0.9300463795661926
0.8134491443634033 0.9460728168487549
0.7815616726875305 0.9306910037994385
0.7766462564468384 0.9750733375549316
0.7723351120948792 0.9372773170471191
0.7990187406539917 0.9690054059028625
0.7700380682945251 0.9963514804840088
0.7623651623725891 0.9929784536361694
0.7993890643119812 0.9470922350883484
0.7392074465751648 0.9897415637969971
0.7560408115386963 1.0062382221221924
0.7548085451126099 0.9790460467338562
0.7586037516593933 1.0181801319122314
0.7713745832443237 1.0201785564422607
0.7514364719390869 1.0244005918502808
0.7669548392295837 0.9918293356895447
0.7439682483673096 1.000313401222229
0.7356510162353516 1.0524874925613403
0.7341160774230957 0.9935001730918884
0.7392329573631287 0.981488823890686
0.7284570336341858 1.0061825513839722
0.7522760033607483 0.9887229800224304
0.7303421497344971 1.04856276512146
0.722993791103363 1.0498859882354736
0.7203733325004578 0.998558521270752
0.7522633671760559 0.9992507696151733
0.7436614036560059 1.0054947137832642
0.7358466982841492 1.0034912824630737
0.7475473284721375 0.9734160304069519
0.7513224482536316 1.0112342834472656
0.7514749765396118 1.0126903057098389
0.7413300275802612 1.0171266794204712
0.7114097476005554 1.0227404832839966
0.7115627527236938 1.0241775512695312
0.7212410569190979 1.0740315914154053
0.725147008895874 1.041176438331604
0.7163473963737488 0.9989883899688721
0.702417254447937 1.041386365890503
0.7185418009757996 1.0183743238449097
0.7407646179199219 1.0022974014282227
0.7671695947647095 1.0293217897415161
0.7428369522094727 0.9978247880935669
0.7440476417541504 1.0315543413162231
0.7019127011299133 1.035921335220337
0.7261785268783569 1.046781301498413
0.7518746852874756 0.9866293668746948
0.7394250631332397 1.0494178533554077
0.7331262230873108 1.0446913242340088
0.7897893190383911 1.078209638595581
0.7441703081130981 1.0039515495300293
0.707222580909729 1.0299619436264038
0.7021057605743408 1.075771450996399
0.7223459482192993 1.0763479471206665
0.7144328951835632 1.046943187713623
0.7068283557891846 1.0827515125274658
0.7084131240844727 1.0298898220062256
0.7304379940032959 0.9879201054573059
0.6990557909011841 1.1181060075759888
0.7287221550941467 1.0924198627471924
0.7151368260383606 1.0227776765823364
0.7288467288017273 1.0777016878128052
0.7265445590019226 1.0719923973083496
0.7241383194923401 1.0454202890396118
0.7285702228546143 1.0804007053375244
0.7103862166404724 1.023760199546814
0.7143343687057495 1.0555455684661865
0.6989282369613647 1.0798088312149048
0.705045223236084 1.0920878648757935
0.7102963924407959 1.06855046749115
0.6861258149147034 1.0459132194519043
0.675784170627594 1.0743461847305298
0.7152464389801025 1.0903263092041016
0.7131896018981934 1.0882959365844727
0.6541330218315125 1.1462515592575073
0.6865896582603455 1.132206916809082
0.6864091753959656 1.0732542276382446
0.6781997680664062 1.116461157798767
0.7005103230476379 1.093900442123413
0.6606692671775818 1.1254019737243652
0.6734784841537476 1.125185251235962
0.6822952628135681 1.0930898189544678
0.7219789624214172 1.0901669263839722
0.6937227845191956 1.08402419090271
0.6898582577705383 1.065627932548523
0.6770957708358765 1.0810776948928833
0.6883928179740906 1.1200871467590332
0.6833678483963013 1.1153481006622314
0.6912699937820435 1.0894166231155396
0.6224790811538696 1.0283753871917725
0.694441020488739 1.0881016254425049
0.6988232731819153 1.1126015186309814
0.6863470077514648 1.0688570737838745
0.6703862547874451 1.0869284868240356
0.7178475856781006 1.1008942127227783
0.7013516426086426 1.164169430732727
0.7044968008995056 1.1256624460220337
0.6913079023361206 1.1104236841201782
0.674483597278595 1.1034411191940308
0.6986244320869446 1.1272566318511963
0.6958969831466675 1.0873124599456787
0.7130882143974304 1.118545413017273
0.6943401098251343 1.0747344493865967
0.6844356060028076 1.0846370458602905
0.7334246039390564 1.0709402561187744
0.7056776881217957 1.11213219165802
0.6934033632278442 1.1019105911254883
0.7066296339035034 1.1122220754623413
0.7028741836547852 1.082746982574463
0.5971934199333191 1.0739140510559082
0.7175503373146057 1.0599466562271118
0.7200264930725098 1.0592139959335327
0.7326200008392334 1.1069759130477905
0.7168208360671997 1.0574387311935425
0.7083748579025269 1.087990641593933
0.6837465167045593 1.1155637502670288
0.7304213047027588 1.0777391195297241
0.7293928265571594 1.0922367572784424
0.723667562007904 1.0962225198745728
0.7205981016159058 1.125565767288208
0.7202718257904053 1.0880374908447266
0.7455285787582397 1.0674901008605957
0.7351101636886597 1.0726057291030884
0.7634655237197876 1.0567457675933838
0.7410411238670349 1.034119725227356
0.737886905670166 1.0894582271575928
0.7068246006965637 1.0467894077301025
0.7506877779960632 1.0583630800247192
0.7418422698974609 1.0140773057937622
0.6611642241477966 0.9754132628440857
0.705916702747345 1.0542348623275757
0.7005018591880798 1.1080528497695923
0.7155792117118835 1.0425400733947754
0.7312787175178528 1.0710434913635254
0.7405601143836975 1.0788910388946533
0.763469398021698 1.0889918804168701
0.7407893538475037 1.0553593635559082
0.711112380027771 1.054660677909851
0.7507201433181763 1.0775314569473267
0.7432132959365845 1.0694245100021362
0.7194247245788574 1.0808156728744507
0.8039745092391968 1.0807915925979614
0.7423161864280701 1.0227938890457153
0.7389169335365295 1.0565202236175537
0.7751916646957397 0.9806789755821228
0.761904239654541 1.048336386680603
0.7638802528381348 1.0715534687042236
0.6943032145500183 1.0507984161376953
0.7522789835929871 1.080519676208496
0.7396804094314575 1.0349397659301758
0.7252618670463562 1.0544464588165283
0.7291231155395508 1.0194178819656372
0.7525224685668945 1.0789562463760376
0.7309868335723877 1.0573368072509766
0.747615396976471 1.0616093873977661
0.7444315552711487 1.035151481628418
0.7256584763526917 1.0306305885314941
0.7676352858543396 1.001550316810608
0.7646318078041077 1.0825051069259644
0.7615812420845032 1.0414888858795166
0.7381770014762878 1.0658082962036133
0.7627899646759033 1.0281299352645874
0.7940796613693237 1.078092098236084
0.734649121761322 1.0385868549346924
0.7389535307884216 1.049903392791748
0.7567813396453857 1.0397701263427734
0.8022557497024536 1.0324724912643433
0.7457470893859863 1.0493295192718506
0.7561392784118652 1.0157889127731323
0.6706873178482056 0.9688452482223511
0.7571302652359009 1.0625566244125366
0.7100014686584473 1.063423991203308
0.7390155792236328 1.0270342826843262
0.7528250217437744 1.0370343923568726
0.7583918571472168 1.103940725326538
0.7433100342750549 1.0290757417678833
0.7507095336914062 1.043745517730713
0.7148870825767517 1.0253797769546509
0.7440212965011597 1.0349664688110352
0.7597259283065796 1.044002652168274
0.7372037172317505 1.0487773418426514
0.7028906941413879 1.0609958171844482
0.696204423904419 1.0251177549362183
0.7551419138908386 1.0387029647827148
0.7315065264701843 1.0582367181777954
0.6991344690322876 1.0184582471847534
0.7165636420249939 1.0610318183898926
0.7702475190162659 1.035008430480957
0.7413299679756165 1.0437973737716675
0.7011891007423401 1.0147569179534912
0.687900185585022 1.0678592920303345
0.7105985283851624 1.0755579471588135
0.7009904384613037 1.0882163047790527
0.7045409679412842 1.071754813194275
0.7111193537712097 1.1088378429412842
0.6991094946861267 1.123215913772583
0.6892921328544617 1.0964038372039795
0.6959607601165771 1.0985889434814453
0.6675999164581299 1.0971213579177856
0.722062349319458 1.093787431716919
0.6944188475608826 1.1061877012252808
0.6721267700195312 1.0996679067611694
0.6854802370071411 1.0899461507797241
0.7067398428916931 1.0834583044052124
0.6581156849861145 1.1266486644744873
0.6691113710403442 1.1125587224960327
0.668448269367218 1.1003767251968384
0.6873915791511536 1.0778979063034058
0.6617819666862488 1.133243203163147
0.5967751741409302 1.1609044075012207
0.6680904030799866 1.117277979850769
0.6385851502418518 1.1309455633163452
0.641261637210846 1.114349126815796
0.663004994392395 1.095655083656311
0.6102778911590576 1.1073249578475952
0.6548070311546326 1.133612871170044
0.6571324467658997 1.1316559314727783
0.6269960403442383 1.1217135190963745
0.619732141494751 1.12608003616333
0.6551426649093628 1.139930009841919
0.6636846661567688 1.0981783866882324
0.6490496397018433 1.115500807762146
0.6437176465988159 1.1174354553222656
0.6763991713523865 1.081241488456726
0.6321061849594116 1.13607656955719
0.635107696056366 1.0782331228256226
0.6386337280273438 1.100459098815918
0.6400396227836609 1.1167749166488647
0.657054603099823 1.0905511379241943
0.6084643602371216 1.0070468187332153
0.6519874930381775 1.0630757808685303
0.622467577457428 1.057197093963623
0.6381314992904663 1.0674550533294678
0.6375594735145569 1.0846658945083618
0.6404522657394409 1.0855494737625122
0.6556034088134766 1.0870158672332764
0.646011233329773 1.0547763109207153
0.6625610589981079 1.0567657947540283
0.650138258934021 1.084546446800232
0.6440874338150024 1.0393058061599731
0.693768322467804 1.0352362394332886
0.6433678269386292 1.0235577821731567
0.6456056237220764 1.0444751977920532
0.6632903814315796 1.0462831258773804
0.6714624166488647 1.0132871866226196
0.6561874151229858 0.998443603515625
0.6303645968437195 1.0330944061279297
0.6551967263221741 1.0198447704315186
0.648133397102356 1.0174049139022827
0.6500521898269653 1.0386474132537842
0.6194408535957336 1.0047218799591064
0.618456244468689 1.0320461988449097
0.6492748260498047 1.0417027473449707
0.6349318623542786 1.0237032175064087
0.6382657885551453 0.9883754253387451
0.6138296127319336 0.9999937415122986
0.6414167881011963 1.0117247104644775
0.6653639674186707 0.9930404424667358
0.6473567485809326 0.9929227232933044
0.6532787084579468 0.9901973009109497
0.6239904165267944 0.9775334000587463
0.6364467144012451 0.9945253133773804
0.6558777689933777 0.982306182384491
0.6428258419036865 0.9723777770996094
0.636365532875061 0.9991340637207031
0.6405362486839294 0.9492027163505554
0.6443319320678711 1.0030521154403687
0.6637256741523743 0.970833420753479
0.6121827960014343 0.9705781936645508
0.6394685506820679 0.9937613010406494
0.6198539733886719 0.9630950689315796
0.6220180988311768 0.9713794589042664
0.6220824718475342 0.9744190573692322
0.6481544375419617 0.9709270596504211
0.639970064163208 0.9543051719665527
0.6253437995910645 0.9819179177284241
0.6303024291992188 0.9628834128379822
0.612964391708374 0.9576581716537476
0.6361827254295349 0.9550931453704834
0.6307059526443481 0.9321030974388123
0.6346948742866516 0.9626689553260803
0.637983500957489 0.972242534160614
0.6353281736373901 0.9704179167747498
0.628012478351593 0.9405965805053711
0.628359317779541 0.9432242512702942
0.6222248077392578 0.9591013789176941
0.6189287900924683 0.9751374125480652
0.6309313178062439 0.9648710489273071
0.6304627656936646 0.923420786857605
0.5993194580078125 0.9908614754676819
0.619012176990509 0.9788413643836975
0.6231509447097778 0.9610235691070557
0.646048903465271 0.9542142152786255
0.6280606985092163 0.9654988050460815
0.6128174066543579 0.9540566802024841
0.6307112574577332 0.96463543176651
0.6263156533241272 0.9790393114089966
0.6451919078826904 0.9536588788032532
0.6323404908180237 0.9554720520973206
0.620277464389801 0.9106969237327576
0.6380196213722229 0.9556319713592529
0.6365383267402649 0.9689926505088806
0.6415395736694336 0.9507943987846375
0.6375401616096497 0.95510333776474
0.6260497570037842 0.9646582007408142
0.6239417195320129 0.9427351355552673
0.6081355810165405 0.9517464637756348
0.6572441458702087 0.9744417667388916
0.6403191089630127 0.9465354681015015
0.5988344550132751 1.0175586938858032
###depth 3 finished!
