1.047400951385498 0.6972333788871765
1.0021772384643555 0.7144966125488281
0.9603633880615234 0.7267283201217651
0.9219458699226379 0.7435035109519958
0.8915077447891235 0.7582388520240784
0.8556549549102783 0.7668762803077698
0.8315540552139282 0.7852385640144348
0.8163987398147583 0.798628568649292
0.8061476349830627 0.8066835999488831
0.7735821008682251 0.8100683689117432
0.7736799716949463 0.8242888450622559
0.7414191365242004 0.8330289125442505
0.7349873781204224 0.8376315832138062
0.7208473682403564 0.8429465889930725
0.7076181769371033 0.8574955463409424
0.6975223422050476 0.8684110045433044
0.6944257020950317 0.8770372867584229
0.6666592955589294 0.885323166847229
0.6732602119445801 0.8905282020568848
0.6587975025177002 0.8779071569442749
0.6514095067977905 0.8995850682258606
0.643223762512207 0.9092772603034973
0.6334285736083984 0.915721595287323
0.6168757677078247 0.9260563254356384
0.601804256439209 0.9367011189460754
0.5987842082977295 0.9550356864929199
0.5908949971199036 0.9603952169418335
0.5786048769950867 0.9624908566474915
0.5636508464813232 0.9822035431861877
0.5465876460075378 0.9944372773170471
0.5481029748916626 0.999566376209259
0.5353147387504578 0.9976782202720642
0.5291005969047546 1.0194330215454102
0.5161648988723755 1.0288158655166626
0.5237012505531311 1.0277838706970215
0.5158751010894775 1.0406560897827148
0.5086016654968262 1.0454694032669067
0.49839985370635986 1.0695672035217285
0.4885980784893036 1.0735838413238525
0.5151805877685547 1.041527509689331
0.48011547327041626 1.076657772064209
0.4861593246459961 1.0807908773422241
0.47905802726745605 1.0867557525634766
0.463113933801651 1.118778944015503
0.45236778259277344 1.1381498575210571
0.4480339288711548 1.1308913230895996
0.4484882354736328 1.1417276859283447
0.443650484085083 1.1491001844406128
0.4310975968837738 1.1643767356872559
0.43703150749206543 1.172000765800476
0.4389294385910034 1.1666083335876465
0.42358338832855225 1.1921708583831787
0.4180618226528168 1.2050909996032715
0.4140729308128357 1.1983765363693237
0.4105134606361389 1.228116512298584
0.41044557094573975 1.23075532913208
0.410905122756958 1.231972575187683
0.39591774344444275 1.2249046564102173
0.3907695710659027 1.2507832050323486
0.42183759808540344 1.188759446144104
###depth 1 finished!
1.9678914546966553 1.1125315427780151
1.8016636371612549 1.0508357286453247
1.6750257015228271 0.9780088663101196
1.5160363912582397 0.9691145420074463
1.3912022113800049 0.9491677284240723
1.2650842666625977 0.9279329180717468
1.1527988910675049 0.9046240448951721
1.0445172786712646 0.8987664580345154
1.038675308227539 0.8874686360359192
0.9913668632507324 0.8869019746780396
0.936980128288269 0.8761065602302551
0.887793779373169 0.871717631816864
0.8576455116271973 0.8829426169395447
0.8218030333518982 0.8790513277053833
0.7955715656280518 0.8973784446716309
###depth 2 finished!
2.012723445892334 0.5495142340660095
1.953589677810669 0.5445815324783325
1.8517227172851562 0.5479764938354492
1.7731845378875732 0.5694988369941711
1.6882259845733643 0.569030225276947
1.6346349716186523 0.5737391710281372
1.5876843929290771 0.5809346437454224
1.5567718744277954 0.5851243734359741
1.480099081993103 0.5961132049560547
1.4228594303131104 0.6073949933052063
1.361478328704834 0.6141354441642761
1.3602570295333862 0.6110639572143555
1.3262814283370972 0.6426777243614197
1.2863972187042236 0.6300614476203918
1.283179521560669 0.6412987112998962
1.24617600440979 0.6452957391738892
1.246565341949463 0.6585705280303955
1.2341783046722412 0.6651609539985657
1.2193658351898193 0.6677794456481934
1.216485619544983 0.6635794639587402
1.1713743209838867 0.6958876848220825
1.14674973487854 0.6861422657966614
1.174776315689087 0.696817934513092
1.1705482006072998 0.7015650272369385
1.1170868873596191 0.6947199106216431
1.1203703880310059 0.7286767959594727
1.1157609224319458 0.7369955778121948
1.1168437004089355 0.7221946716308594
1.1283693313598633 0.7193693518638611
1.134262204170227 0.7328324913978577
1.11249840259552 0.7342517375946045
1.0726349353790283 0.72978675365448
1.072922706604004 0.76169353723526
1.0839025974273682 0.7642086148262024
1.054002285003662 0.757311999797821
1.0703297853469849 0.7507553696632385
1.0559933185577393 0.7811299562454224
1.0353176593780518 0.7983443140983582
1.0529288053512573 0.805932879447937
0.9438079595565796 0.7862356901168823
0.9923595190048218 0.8162215948104858
0.991279125213623 0.8051788210868835
0.9942766427993774 0.8139654397964478
1.0341652631759644 0.831006646156311
1.004676103591919 0.8251640796661377
1.0167853832244873 0.8120408654212952
0.9945685267448425 0.8338040709495544
0.9939186573028564 0.8252550363540649
0.9734405279159546 0.8157627582550049
1.038249135017395 0.82675701379776
1.001326084136963 0.8685452938079834
0.9955509901046753 0.8419782519340515
0.9404807090759277 0.8576767444610596
0.9614825248718262 0.8220105767250061
0.9489960074424744 0.8897145986557007
0.9512898921966553 0.8477325439453125
0.9599449634552002 0.8655750155448914
0.9550021886825562 0.8480733633041382
0.9852262735366821 0.8621492385864258
0.9164841175079346 0.8863751888275146
###depth 3 finished!
