0.9838655591011047
0.9716883301734924
0.9640927910804749
0.9571861028671265
0.9543588757514954
0.9499239325523376
0.9478569030761719
0.9446591734886169
0.9435569643974304
0.9422984719276428
0.9421650171279907
0.9408305287361145
0.940147876739502
0.9388179779052734
0.9381892085075378
0.9368922114372253
0.9356122016906738
0.9338502287864685
0.9302592873573303
0.9300316572189331
0.9272782802581787
0.9259259700775146
0.921215832233429
0.9215909838676453
0.9213367104530334
0.9168849587440491
0.9138363599777222
0.91045743227005
0.9096173644065857
0.9027876853942871
0.9036040306091309
0.8969822525978088
0.8952050805091858
0.8951645493507385
0.8889312744140625
0.8832375407218933
0.8890961408615112
0.8803818821907043
0.8769071102142334
0.8727339506149292
0.8607586026191711
0.8664825558662415
0.8593865036964417
0.8531993627548218
0.8457753658294678
0.8473625779151917
0.8388843536376953
0.8343257308006287
0.8326713442802429
0.8172899484634399
0.8170496821403503
0.8048231601715088
0.7979627251625061
0.7960661053657532
0.7834278345108032
0.7774513959884644
0.7618802189826965
0.7561028599739075
0.7566084861755371
0.7631672620773315
0.7495604157447815
0.7275673747062683
0.7219001054763794
0.7215830087661743
0.7035752534866333
0.7146528959274292
0.6976984143257141
0.6920408606529236
0.7022849917411804
0.6769241094589233
0.6710764765739441
0.6632128953933716
0.6677519083023071
0.6655033230781555
0.6566005349159241
0.6564865112304688
0.6363388299942017
0.6360960602760315
0.6290062069892883
0.6085898280143738
0.6104938983917236
0.5991227030754089
0.5989582538604736
0.5999453663825989
0.577975869178772
0.5843437314033508
0.5688812136650085
0.5634317994117737
0.5619927644729614
0.5698740482330322
0.5476352572441101
0.5597943663597107
0.5312760472297668
0.5409719347953796
0.5315836071968079
0.5052756071090698
0.500458836555481
0.5053099989891052
0.5180357694625854
0.49837177991867065
0.49336591362953186
0.49593454599380493
0.46048426628112793
0.47415098547935486
0.4659424126148224
0.46403536200523376
0.45996180176734924
0.4455825090408325
0.4547409117221832
0.4366093873977661
0.41690292954444885
0.4159676730632782
0.43488943576812744
0.40385910868644714
0.40927404165267944
0.41583535075187683
0.3830365836620331
0.405310720205307
0.3662215769290924
0.4036196172237396
0.376895546913147
0.38481029868125916
0.3568507134914398
0.3624538779258728
0.3343450725078583
0.3437427282333374
0.3397633135318756
0.34152692556381226
0.3411911725997925
0.3149596154689789
0.3111668527126312
0.33846011757850647
0.2991351783275604
0.33823302388191223
0.2914130985736847
0.3002614676952362
0.28512150049209595
0.28545135259628296
0.2744736969470978
0.28276097774505615
0.2744757831096649
0.2782556414604187
0.2655008137226105
0.2713255286216736
0.2546333372592926
0.2515393793582916
0.25683024525642395
0.23560452461242676
0.2658468186855316
0.23064211010932922
0.24347063899040222
0.23494493961334229
0.22221678495407104
0.21600651741027832
0.24439044296741486
0.23415684700012207
0.2172815501689911
0.2200007140636444
0.23192745447158813
0.21615952253341675
0.21906033158302307
0.1929427832365036
0.21463671326637268
0.185966357588768
0.224765345454216
0.2058846652507782
0.18772892653942108
0.20161360502243042
0.1688024252653122
0.19510628283023834
0.17784520983695984
0.15411341190338135
0.19033312797546387
0.1806378960609436
0.1620066612958908
0.19427569210529327
0.16015610098838806
0.16359412670135498
0.16172441840171814
0.17041869461536407
0.1577741503715515
0.16924992203712463
0.15111775696277618
0.14888940751552582
0.14399805665016174
0.1183607280254364
0.16591183841228485
0.1515761911869049
0.13273437321186066
0.1546865850687027
0.135351300239563
0.1256711184978485
0.13153472542762756
0.12644034624099731
0.12137531489133835
0.1389334797859192
0.11900700628757477
0.11608712375164032
0.11904262006282806
0.12731480598449707
0.11292222142219543
0.11761220544576645
0.10734903067350388
0.10884406417608261
0.10777245461940765
0.11464017629623413
0.1223495602607727
0.13243885338306427
0.11446613818407059
0.11395885795354843
0.10733596235513687
0.10468827188014984
0.10342565178871155
0.09478602558374405
0.10991135984659195
0.10126665979623795
0.0912705808877945
0.0833216980099678
0.08317174762487411
0.1073865070939064
0.08819415420293808
0.09910290688276291
0.09791694581508636
0.09120526909828186
0.08450037986040115
0.08320862799882889
0.10061268508434296
0.10447893291711807
0.09162871539592743
0.08852840214967728
0.10446710884571075
0.08586255460977554
0.07794222980737686
0.10850408673286438
0.07494580000638962
0.06935617327690125
0.06347443163394928
0.08972419798374176
0.08559206128120422
0.06726102530956268
0.0766155943274498
0.07525762170553207
0.08727629482746124
0.08558697998523712
0.079796202480793
0.06636424362659454
0.07696420699357986
0.06244422122836113
0.07826121151447296
0.07303405553102493
0.07088298350572586
0.07081811130046844
0.08150601387023926
0.07366271317005157
0.06157134100794792
0.06835177540779114
0.053055766969919205
0.0717819556593895
0.06453486531972885
0.07723411172628403
0.05624455213546753
0.06275609880685806
0.05674156919121742
0.0655602291226387
0.073750339448452
0.05006616935133934
0.053530462086200714
0.060525890439748764
0.06637782603502274
0.07208865880966187
0.05858737230300903
0.06822649389505386
0.06426187604665756
0.054117750376462936
0.05206342414021492
0.0560627318918705
0.04630733281373978
0.055644337087869644
0.057199593633413315
0.04828326404094696
0.06334052979946136
0.056999754160642624
0.060300201177597046
0.05653415620326996
0.05062331631779671
0.04785319045186043
0.05253005400300026
0.06974634528160095
0.06036393344402313
0.05540115758776665
0.053733792155981064
0.0568176694214344
0.05957501009106636
0.05203770846128464
0.04710480198264122
0.05502551794052124
0.05581197515130043
0.060001276433467865
0.05791795998811722
0.05285677686333656
0.04886048659682274
0.06549254059791565
0.04159295931458473
0.042068082839250565
0.04482097178697586
0.0551895797252655
0.07111100852489471
0.04809790477156639
0.03983896225690842
0.04637960344552994
0.041266392916440964
0.058799467980861664
0.05113232508301735
0.04783545061945915
0.05690551549196243
0.0400066003203392
0.048335231840610504
0.04882308468222618
0.05294192209839821
0.05476302281022072
0.05079323425889015
0.03904537856578827
0.04386255517601967
0.04920872300863266
0.049318619072437286
0.04020647332072258
0.051699839532375336
0.04712649807333946
0.04189155623316765
0.04077579453587532
0.048271458595991135
0.04863297939300537
0.03303762897849083
0.04824803024530411
0.04687771946191788
0.040070030838251114
0.055152785032987595
0.052671678364276886
0.04652952775359154
0.035653337836265564
0.04334891960024834
0.043145157396793365
0.027660559862852097
0.03572671115398407
0.03991914913058281
0.035866718739271164
0.047950997948646545
0.048925600945949554
0.05359206721186638
0.042030248790979385
0.03778634965419769
0.04713437706232071
0.03507710620760918
0.038677483797073364
0.04437226057052612
0.03061055950820446
0.043097469955682755
0.03617595136165619
0.03705582767724991
0.043998438864946365
0.03518615663051605
0.040164411067962646
0.03022810071706772
0.038694486021995544
0.031992413103580475
0.0343899168074131
0.051474615931510925
0.038372062146663666
0.029498890042304993
0.02991359680891037
0.036565061658620834
0.043133534491062164
0.045659955590963364
0.041380878537893295
0.0304863341152668
0.040507618337869644
0.03419850394129753
0.03624299541115761
0.03564939275383949
0.03678663820028305
0.032891012728214264
0.04128719121217728
0.02839689515531063
0.03315553441643715
0.03748923912644386
0.04197830706834793
0.03230108693242073
0.03437354043126106
0.03358510136604309
0.03904273733496666
0.04149853065609932
0.027483517304062843
0.04256822541356087
0.035188961774110794
0.0314275361597538
0.03864152729511261
0.033848125487565994
0.035834990441799164
0.03717644512653351
0.0313030369579792
0.034493450075387955
0.028300661593675613
0.03395899012684822
0.039811503142118454
0.0345505066215992
0.036049023270606995
0.03692356497049332
0.039579838514328
0.03812641277909279
0.03184816986322403
0.04061930999159813
0.030997656285762787
0.027278872206807137
0.029323017224669456
0.043635010719299316
0.04028075933456421
0.03522913157939911
0.026698363944888115
0.022945521399378777
0.045140039175748825
0.034547366201877594
0.03741046041250229
0.03160892426967621
0.03483424335718155
0.03750799223780632
0.03852047771215439
0.03339212015271187
0.034525930881500244
0.03292354196310043
0.02520797774195671
0.03477343171834946
0.024228772148489952
0.03352607414126396
0.036162376403808594
0.027370642870664597
0.030991587787866592
0.027795614674687386
0.03526397421956062
0.03257325664162636
0.03271951153874397
0.03293656185269356
0.037494223564863205
0.04303492605686188
0.03803817182779312
0.031425800174474716
0.029776696115732193
0.0341021753847599
0.030615583062171936
0.03382580354809761
0.0266408734023571
0.029855085536837578
0.028525609523057938
0.04529315233230591
0.02907778136432171
0.03289473429322243
0.02360684610903263
0.028119388967752457
0.032748423516750336
0.044123414903879166
0.030909091234207153
0.034806039184331894
0.035789210349321365
0.030018310993909836
0.035126663744449615
0.030891509726643562
0.04323942959308624
0.029437977820634842
0.03511669114232063
0.030175864696502686
0.022923890501260757
0.03704102337360382
0.02940204367041588
0.03024018369615078
0.02879696525633335
0.0398397371172905
0.03370431810617447
0.027136720716953278
0.025460850447416306
0.03390456736087799
0.030260680243372917
0.03776373341679573
0.03124370612204075
0.025606215000152588
0.033262211829423904
0.027535948902368546
0.02993370033800602
0.022593487054109573
0.03428436070680618
0.02607041969895363
0.025126276537775993
0.032013170421123505
0.024773238226771355
0.023518258705735207
0.03027653694152832
0.026652591302990913
0.028269270434975624
0.02494542859494686
0.022674839943647385
0.03958847001194954
0.02695723995566368
0.022520996630191803
0.024393780156970024
0.02828577719628811
0.02854561060667038
0.022435860708355904
0.025146514177322388
0.02268342487514019
0.021295666694641113
0.03499966487288475
0.02390069141983986
0.025453148409724236
0.0334491990506649
0.02989564649760723
0.03283451125025749
0.024242565035820007
0.027142459526658058
0.031536851078271866
0.028459466993808746
0.02905268780887127
0.027462990954518318
0.026822080835700035
0.023769916966557503
0.022829236462712288
0.029317589476704597
0.026376860216259956
0.0363558828830719
0.030684316530823708
0.023279475048184395
0.023266717791557312
0.024196935817599297
0.03403015062212944
0.02865511178970337
0.024758880957961082
0.021985413506627083
0.02524450793862343
0.022784370929002762
0.03112373687326908
0.028382670134305954
0.02986011654138565
0.04536040872335434
0.023281801491975784
0.03146505728363991
0.02398601733148098
0.022930879145860672
0.029503080993890762
0.02842079848051071
0.026703238487243652
0.027516167610883713
0.030654635280370712
0.01986585184931755
0.02387371100485325
0.020195914432406425
0.02534514293074608
0.02528226748108864
0.03220301866531372
0.02401464432477951
0.026219181716442108
0.0191348847001791
0.032328661531209946
0.021101802587509155
0.02702413685619831
0.026216818019747734
0.02607596293091774
0.023325758054852486
0.028531812131404877
0.03125253692269325
0.023671092465519905
0.03149791061878204
0.033492814749479294
0.023271838203072548
0.032903097569942474
0.031963516026735306
0.020954879000782967
0.028923625126481056
0.022107236087322235
0.023734789341688156
0.026072867214679718
0.024380655959248543
0.020633945241570473
0.02695300430059433
0.02765662968158722
0.023511964827775955
0.025468599051237106
0.030295157805085182
0.02412356063723564
0.025308888405561447
0.023412220180034637
0.028443681076169014
0.037531670182943344
0.024882391095161438
0.02425825037062168
0.03056095913052559
0.03415851294994354
0.030226441100239754
0.025268614292144775
0.021826108917593956
0.028125545009970665
0.02060595527291298
0.030992452055215836
0.021955979987978935
0.027410466223955154
0.030020950362086296
0.02010178565979004
0.023340880870819092
0.019464774057269096
0.02082665264606476
0.023002993315458298
0.019937876611948013
0.03264825418591499
0.03495084121823311
0.018752921372652054
0.03462724760174751
0.024968482553958893
0.02082330547273159
0.022740310057997704
0.024895351380109787
0.01752268336713314
0.02661348320543766
0.02249937877058983
0.028469236567616463
0.033568449318408966
0.022143743932247162
0.026833519339561462
0.03042484074831009
0.01990264654159546
0.02636483497917652
0.02981332503259182
0.01984543353319168
0.023745181038975716
0.022961651906371117
0.03021763078868389
0.0285481009632349
0.03394738957285881
0.021462691947817802
0.022923652082681656
0.027220172807574272
0.02443104423582554
0.021939732134342194
0.020632777363061905
0.02457486465573311
0.02267303690314293
0.021519532427191734
0.026549646630883217
0.02717560902237892
0.017934145405888557
0.022929059341549873
0.018988462164998055
0.018853042274713516
0.029554538428783417
0.02526392973959446
0.02206263318657875
0.024151809513568878
0.02094450406730175
0.019229494035243988
0.02478913962841034
0.022790130227804184
0.02132297120988369
0.032798558473587036
0.023304270580410957
0.024982893839478493
0.03638327121734619
0.027319567278027534
0.01842573471367359
0.02210135944187641
0.023693986237049103
0.02156028337776661
0.025728587061166763
0.0214693620800972
0.025447802618145943
0.021465657278895378
0.02306985855102539
0.02011730894446373
0.024040311574935913
0.018141305074095726
0.020289724692702293
0.025975773110985756
0.024401338770985603
0.018563222140073776
0.020985782146453857
0.03665018826723099
0.023468177765607834
0.01936633326113224
0.021532269194722176
0.02297474630177021
0.02167058177292347
0.032008152455091476
0.023756669834256172
0.01921875774860382
0.02610505372285843
0.02176254242658615
0.023529883474111557
0.025727497413754463
0.02977002039551735
0.019542483612895012
0.019272061064839363
0.021574005484580994
0.017909957095980644
0.022038381546735764
0.019986160099506378
0.026087364181876183
0.021242162212729454
0.02269061468541622
0.03072407841682434
0.018724054098129272
0.020232468843460083
0.02109135501086712
0.029816728085279465
0.020544033497571945
0.02570844255387783
0.026273764669895172
0.02641329914331436
0.01741882972419262
0.02982085756957531
0.03158047795295715
0.023427272215485573
0.024187855422496796
0.025841839611530304
0.01995997130870819
0.021873459219932556
0.02648361772298813
0.02210238017141819
0.019256368279457092
0.019022144377231598
0.023512456566095352
0.02469884604215622
0.021997980773448944
0.019242459908127785
0.017865357920527458
0.036065276712179184
0.025259917601943016
0.02885603904724121
0.023182200267910957
0.02291346713900566
0.017491105943918228
0.025744587182998657
0.02570384368300438
0.018807362765073776
0.018939189612865448
0.02287767268717289
0.019308511167764664
0.023875802755355835
0.022496089339256287
0.024800090119242668
0.020910095423460007
0.020040329545736313
0.01877535507082939
0.021843653172254562
0.020561451092362404
0.03095114976167679
0.02135707624256611
0.01914803497493267
0.021593501791357994
0.021982630714774132
0.022303953766822815
0.019817257300019264
0.018126023933291435
0.019205212593078613
0.02199283242225647
0.018711093813180923
0.018503308296203613
0.019160881638526917
0.023297572508454323
0.028069088235497475
0.03416351601481438
0.021042564883828163
0.025805801153182983
0.02031630277633667
0.03605754300951958
0.021185826510190964
0.020382089540362358
0.02189689874649048
0.018178666010499
0.024026546627283096
0.02346079796552658
0.020405059680342674
0.026236513629555702
0.016606388613581657
0.02130061760544777
0.021815460175275803
0.02082560770213604
0.018313372507691383
0.019166363403201103
0.022885391488671303
0.02555101551115513
0.026640156283974648
0.02186003141105175
0.017124490812420845
0.023776426911354065
0.021176405251026154
0.021088730543851852
0.021681969985365868
0.024738868698477745
0.018655577674508095
0.020754219964146614
0.017556829378008842
0.02158270590007305
0.019947823137044907
0.022348128259181976
0.030698303133249283
0.032072704285383224
0.02585223875939846
0.03302394226193428
0.0240118820220232
0.02008339948952198
0.020848549902439117
0.019872553646564484
0.022449996322393417
0.01745595596730709
0.02615620382130146
0.06374505162239075
0.018531018868088722
0.01892916113138199
0.01898079551756382
0.018657712265849113
0.03081768937408924
0.019983498379588127
0.018422279506921768
0.01847101002931595
0.01760091818869114
0.028421606868505478
0.020710071548819542
0.03269122168421745
0.020237604156136513
0.018347805365920067
0.026549100875854492
0.01856854557991028
0.028818991035223007
0.02609911747276783
0.020345356315374374
0.018487311899662018
0.021787263453006744
0.01623479835689068
0.02187885157763958
0.01927427016198635
0.02252965420484543
0.02386815845966339
0.028935011476278305
0.025024548172950745
0.018950873985886574
0.022938014939427376
0.01987477019429207
0.024630790576338768
0.020777268335223198
0.019422682002186775
0.019964663311839104
0.023091251030564308
0.01769200526177883
0.022194385528564453
0.02144179679453373
0.018369728699326515
0.02385094203054905
0.024668250232934952
0.02285086177289486
0.016413414850831032
0.020700715482234955
0.020523788407444954
0.017996566370129585
0.020113172009587288
0.020986689254641533
0.02788623981177807
0.016690993681550026
0.02431652694940567
0.02664540708065033
0.020353946834802628
0.01855843886733055
0.015574176795780659
0.01850375160574913
0.018182765692472458
0.015674512833356857
0.027686286717653275
0.01889599859714508
0.021099170669913292
0.01602250337600708
0.018838562071323395
0.015078214928507805
0.02496843971312046
0.01833513379096985
0.016024336218833923
0.026131300255656242
0.022630969062447548
0.020994555205106735
0.017119672149419785
0.028815247118473053
0.01779817044734955
0.025582753121852875
0.02661813050508499
0.020618056878447533
0.030652303248643875
0.01736323907971382
0.019949356094002724
0.02387451007962227
0.020000753924250603
0.019882626831531525
0.02548014186322689
0.018169647082686424
0.02090287394821644
0.02260969951748848
0.020337969064712524
0.017493925988674164
0.02964925579726696
0.020808106288313866
0.018488721922039986
0.01895463839173317
0.016377201303839684
0.022159339860081673
0.024362487718462944
0.016518250107765198
0.02263343334197998
0.018013354390859604
0.023788947612047195
0.020722201094031334
0.0224471278488636
0.018431033939123154
0.018042974174022675
0.020383669063448906
0.019673310220241547
0.019007310271263123
0.018140491098165512
0.025007275864481926
0.01900404877960682
0.020291687920689583
0.01862042210996151
0.019464097917079926
0.019335998222231865
0.01878964900970459
0.02765202894806862
0.02104455791413784
0.029030736535787582
0.01825852319598198
0.018847977742552757
0.021298430860042572
0.01751362346112728
0.019509529694914818
0.018823284655809402
0.019646918401122093
0.02409479208290577
0.021841708570718765
0.02334476262331009
0.0242045596241951
0.016362011432647705
0.016979532316327095
0.01974940486252308
0.021351829171180725
0.020430566743016243
0.020203858613967896
0.02351539023220539
0.02246878109872341
0.017859458923339844
0.01712835021317005
0.027332231402397156
0.02426597662270069
0.018846485763788223
0.02758089266717434
0.019600694999098778
0.01853295788168907
0.018622152507305145
0.019645962864160538
0.02786598913371563
0.01633015275001526
0.02162150852382183
0.018893558531999588
0.02239225246012211
0.017465002834796906
0.022245440632104874
0.016410088166594505
0.03473891690373421
0.021149367094039917
0.021616803482174873
0.021259110420942307
0.0197013970464468
0.01938878744840622
0.02374313212931156
0.024917319416999817
0.016484547406435013
0.017764486372470856
0.021005038172006607
0.02630479261279106
0.022443952038884163
0.021042656153440475
0.01791692152619362
0.01960977353155613
0.01823156327009201
0.023159975185990334
0.021543119102716446
0.026543384417891502
0.020331023260951042
0.015503326430916786
0.020738407969474792
0.018188683316111565
0.0169313233345747
0.019054843112826347
0.01892811246216297
0.019847296178340912
0.021245010197162628
0.01683950424194336
0.020087333396077156
0.016165561974048615
0.016245076432824135
0.01844380795955658
0.02484469674527645
0.018592525273561478
0.03407786786556244
0.019218580797314644
0.01789020746946335
0.016880081966519356
0.019231168553233147
0.021660391241312027
0.015514741651713848
0.019228683784604073
0.02446962706744671
0.022528434172272682
0.03623891994357109
0.0188881978392601
0.017973849549889565
0.01718486286699772
0.019257642328739166
0.01902643032371998
0.01908295601606369
0.025108661502599716
0.02156100980937481
0.01779966428875923
0.02143152989447117
0.026065530255436897
0.021174447610974312
0.019930897280573845
0.016253741458058357
0.016711948439478874
0.033603303134441376
0.01918068900704384
0.020202282816171646
0.016807638108730316
0.018083730712532997
0.019310547038912773
0.016952384263277054
0.021206457167863846
0.01621319353580475
0.021985802799463272
0.019292615354061127
0.0165682565420866
0.02555297128856182
0.017537405714392662
0.02551371417939663
0.02063850872218609
0.021352840587496758
0.020975111052393913
0.015712637454271317
0.015139937400817871
0.022580251097679138
0.020053720101714134
0.01578226312994957
0.018798712641000748
0.016626162454485893
0.01726517453789711
0.022308653220534325
0.01762564480304718
0.01790616475045681
0.01792755164206028
0.01882709562778473
0.02020113915205002
0.015047344379127026
0.02055947296321392
0.01738511584699154
0.016686666756868362
0.021143551915884018
0.017692916095256805
0.016667408868670464
0.01796847954392433
0.02264595218002796
0.016104796901345253
0.020866388455033302
0.028672104701399803
0.01867755874991417
0.02380303665995598
0.01639055460691452
0.017779676243662834
0.019806502386927605
0.019096501171588898
0.016475483775138855
0.025662347674369812
0.015062595717608929
0.016448568552732468
0.01739371381700039
0.02315586432814598
0.01760483905673027
0.016554614529013634
0.019315626472234726
0.01877647265791893
0.019055234268307686
0.017715023830533028
0.024326788261532784
0.02092059701681137
0.02392091415822506
0.023515207692980766
0.02133292704820633
0.019829485565423965
0.016535500064492226
0.017685873433947563
0.017175646498799324
0.019669044762849808
0.01801927573978901
0.01633182354271412
0.016852468252182007
0.019251039251685143
0.01687033474445343
0.017755314707756042
0.018544942140579224
0.0178033709526062
0.019188452512025833
0.024010324850678444
0.019373636692762375
0.031839948147535324
0.02071678265929222
0.016356151551008224
0.01818447932600975
0.020748037844896317
0.022094568237662315
0.02057151310145855
0.019856374710798264
0.025788303464651108
0.018208323046565056
0.01901951991021633
0.01619906537234783
0.018711328506469727
0.018240761011838913
0.021899864077568054
0.019461102783679962
0.017327314242720604
0.018758142367005348
0.015928922221064568
0.01618685945868492
0.02395273745059967
0.019905587658286095
0.01767892763018608
0.017941998317837715
0.01892946846783161
0.017183948308229446
0.020826734602451324
0.01697886735200882
0.019297420978546143
0.0306356493383646
0.028356976807117462
0.018466612324118614
0.01855848915874958
0.018292928114533424
0.01794321835041046
0.021060636267066002
0.01910855807363987
0.016461998224258423
0.018685782328248024
0.01668873056769371
0.02495899610221386
0.01650979556143284
0.017815858125686646
0.01833265647292137
0.016203779727220535
0.01577352173626423
0.01658499799668789
0.019932469353079796
0.01915593072772026
0.01579015888273716
0.019114743918180466
0.016524726524949074
0.019571946933865547
0.017222698777914047
0.019213104620575905
0.016353778541088104
0.022100292146205902
0.02293490618467331
0.020440464839339256
0.017403345555067062
0.01729881763458252
0.017233677208423615
0.01566755771636963
0.03511189669370651
0.016923068091273308
0.01848229393362999
0.017461080104112625
0.014759486541152
0.01589401811361313
0.01899620145559311
0.019876720383763313
0.020845195278525352
0.019580379128456116
0.019268332049250603
0.015566104091703892
0.01907690241932869
0.01781361736357212
0.02624817006289959
0.01627987250685692
0.021301966160535812
0.017609888687729836
0.015883512794971466
0.023972325026988983
0.019689247012138367
0.01991521194577217
0.015940019860863686
0.015611669979989529
0.022155677899718285
0.025756334885954857
0.018322618678212166
0.020754529163241386
0.018307408317923546
0.019205596297979355
0.01879587583243847
0.01611899398267269
0.019912708550691605
0.019731057807803154
0.01880301535129547
0.022776374593377113
0.01640232652425766
0.015855561941862106
0.020711664110422134
0.014247286133468151
0.016767654567956924
0.017010578885674477
0.01717345416545868
0.017794393002986908
0.01670866645872593
0.024218032136559486
0.02181807905435562
0.021857693791389465
0.01924951747059822
0.01537338551133871
0.018471049144864082
0.021825555711984634
0.017327062785625458
0.021330850198864937
0.018625879660248756
0.021024806424975395
0.019687986001372337
0.014799981378018856
0.017744960263371468
0.01682990789413452
0.021464992314577103
0.02073831297457218
0.017592139542102814
0.0190369114279747
0.015272202901542187
0.016193579882383347
0.01711411401629448
0.020224425941705704
0.016105802729725838
0.020895816385746002
0.018729383125901222
0.0178432147949934
0.015446185134351254
0.015018907375633717
0.0171042587608099
0.016007140278816223
0.0158846378326416
0.021843206137418747
0.013368834741413593
0.01803542487323284
0.016155093908309937
0.01738586090505123
0.015716273337602615
0.02229221723973751
0.015790197998285294
0.019446194171905518
0.019767263904213905
0.022933779284358025
0.015033826231956482
0.015555084683001041
0.018112249672412872
0.020902929827570915
0.01906357705593109
0.02146736904978752
0.01732625812292099
0.015200299210846424
0.02222118154168129
0.018843138590455055
0.019046347588300705
0.020151162520051003
0.020187117159366608
0.016772208735346794
0.018377600237727165
0.01484790351241827
0.016161784529685974
0.021448945626616478
0.020168038085103035
0.015103595331311226
0.01884787529706955
0.01812075451016426
0.016704795882105827
0.018703347072005272
0.020582031458616257
0.022354010492563248
0.015602165833115578
0.02082235738635063
0.01609891653060913
0.01749415136873722
0.01774688996374607
0.01732741668820381
0.02114647813141346
0.015411030501127243
0.015398174524307251
0.018944459035992622
0.028141414746642113
0.01811242662370205
0.01794346608221531
0.018628215417265892
0.015477058477699757
0.020417144522070885
0.018348440527915955
0.016926731914281845
0.01521963719278574
0.022211898118257523
0.01595563255250454
0.015374532900750637
0.01893002539873123
0.02273663878440857
0.015825411304831505
0.014403157867491245
0.018303729593753815
0.018383199349045753
0.01571137085556984
0.024636518210172653
0.015974633395671844
0.017092416062951088
0.018717044964432716
0.015118107199668884
0.016899002715945244
0.016325319185853004
0.017057443037629128
0.01820124313235283
0.018911411985754967
0.017712177708745003
0.018300093710422516
0.01842988096177578
0.02327777072787285
0.018080294132232666
0.019265003502368927
0.018858037889003754
0.01435046922415495
0.019035501405596733
0.015208955854177475
0.02198302000761032
0.01797357387840748
0.022945920005440712
0.014552779495716095
0.019837910309433937
0.01833733543753624
0.018482057377696037
0.017440686002373695
0.017542921006679535
0.017002997919917107
0.014139642007648945
0.014684146270155907
0.01557242777198553
0.01792140118777752
###depth 1 finished!
0.9879418611526489
0.9802888035774231
0.9726128578186035
0.9621426463127136
0.9576279520988464
0.9541288614273071
0.9521114826202393
0.9482274055480957
0.9462701082229614
0.9455007314682007
0.9445748329162598
0.9435633420944214
0.9420442581176758
0.9412894248962402
0.94053053855896
0.9392980933189392
0.9384118914604187
0.9365823268890381
0.9358351230621338
0.9350029826164246
0.9316850304603577
0.9313842058181763
0.9310710430145264
0.9293183088302612
0.9282527565956116
0.9257848262786865
0.9262654185295105
0.9255836009979248
0.9224655628204346
0.9235650897026062
0.9220500588417053
0.9196777939796448
0.9160727858543396
0.9191556572914124
0.9150338768959045
0.9142796993255615
0.914137601852417
0.911213219165802
0.9114799499511719
0.90737384557724
0.9066142439842224
0.9056937098503113
0.9020951986312866
0.9011132717132568
0.8999140858650208
0.8987201452255249
0.8949068188667297
0.8953948616981506
0.8932241201400757
0.8911382555961609
0.8902106285095215
0.8853433132171631
0.8803207874298096
0.880419135093689
0.8730862736701965
0.8588355183601379
0.8561289310455322
0.8514230847358704
0.8390054702758789
0.8384538292884827
0.8311898112297058
0.8230181932449341
0.8277127742767334
0.8202027678489685
0.8216860890388489
0.8188315629959106
0.8079209923744202
0.8025047779083252
0.8055100440979004
0.7927265167236328
0.7904298901557922
0.7809212803840637
0.7962081432342529
0.7779678702354431
0.7802512049674988
0.761565089225769
0.7641396522521973
0.7459501624107361
0.7328301072120667
0.7141211628913879
0.7323221564292908
0.7100170254707336
0.7180187106132507
0.715955376625061
0.7045711278915405
0.6864500045776367
0.6912516951560974
0.7032981514930725
0.6793158650398254
0.6694746017456055
0.6800813674926758
0.6587146520614624
0.6747885346412659
0.665715217590332
0.6558712124824524
0.6659979820251465
0.6273778080940247
0.6282656192779541
0.6352881193161011
0.6034200191497803
0.6103905439376831
0.6034902930259705
0.592627227306366
0.6008416414260864
0.6140340566635132
0.5874162912368774
0.5800303220748901
0.57596355676651
0.5800253748893738
0.5662826299667358
0.5677835941314697
0.559888482093811
0.5609631538391113
0.5436208844184875
0.551714301109314
0.5454494953155518
0.5474798679351807
0.5299339890480042
0.542091965675354
0.49782973527908325
0.48735857009887695
0.5272892713546753
0.5025257468223572
0.5220011472702026
0.5030550360679626
0.5061055421829224
0.4707890748977661
0.4737425148487091
0.48085492849349976
0.4640597999095917
0.45265668630599976
0.4794217348098755
0.453276664018631
0.4753844439983368
0.4648057222366333
0.4486890733242035
0.4415310323238373
0.42146721482276917
0.4419029653072357
0.40852582454681396
0.41354408860206604
0.4326449930667877
0.3946877121925354
0.3919501006603241
0.40933892130851746
0.41773366928100586
0.40163910388946533
0.39555710554122925
0.41479140520095825
0.3996933400630951
0.40430769324302673
0.38175684213638306
0.3845028281211853
0.3745366334915161
0.3338302969932556
0.3415381610393524
0.3437195420265198
0.3105119466781616
0.34923145174980164
0.32967427372932434
0.33932650089263916
0.332729697227478
0.33277228474617004
0.3090214729309082
0.2925172448158264
0.31049713492393494
0.3153674006462097
0.31351834535598755
0.30044710636138916
0.2976263463497162
0.30060234665870667
0.27083832025527954
0.2833792567253113
0.2508293092250824
0.2549891471862793
0.2758689820766449
0.24565815925598145
0.2616588771343231
0.24853576719760895
0.257478266954422
0.23451831936836243
0.23032109439373016
0.21617762744426727
0.2347525805234909
0.23274603486061096
0.25029700994491577
0.23601670563220978
0.20127707719802856
0.24018530547618866
0.2124655395746231
0.21185053884983063
0.23338323831558228
0.2036748081445694
0.1856149584054947
0.19015714526176453
0.2008080631494522
0.19776178896427155
0.16677066683769226
0.1886279284954071
0.20043551921844482
0.20340462028980255
0.1932372897863388
0.16092263162136078
0.19773192703723907
0.19486775994300842
0.19104817509651184
0.20009782910346985
0.18389129638671875
0.14837010204792023
0.1749122440814972
0.1675284206867218
0.1473042368888855
0.16541819274425507
0.15467479825019836
0.18180732429027557
0.1397852897644043
0.15101157128810883
0.14894995093345642
0.16224603354930878
0.1480116993188858
0.1553809493780136
0.13182303309440613
0.13730689883232117
0.15879106521606445
0.14166948199272156
0.1447354108095169
0.1616414487361908
0.11598476022481918
0.11263759434223175
0.12930890917778015
0.13961225748062134
0.12401948869228363
0.11761949956417084
0.1093142107129097
0.11804196983575821
0.13328392803668976
0.11986363679170609
0.10496480762958527
0.08851823955774307
0.1295166015625
0.09974317252635956
0.09712754189968109
0.09497317671775818
0.1283891201019287
0.08881977200508118
0.13668298721313477
0.09906110912561417
0.10072209686040878
0.0874914675951004
0.09592650085687637
0.09387627243995667
0.0798097550868988
0.09371240437030792
0.09511034935712814
0.10541503876447678
0.0900706872344017
0.0876893401145935
0.10313606262207031
0.1022525355219841
0.08859951049089432
0.08402077853679657
0.08432071655988693
0.07788927853107452
0.09074204415082932
0.10071393847465515
0.07753824442625046
0.10169969499111176
0.0819389820098877
0.09302426874637604
0.07738751918077469
0.07958292216062546
0.07695755362510681
0.06443650275468826
0.07716397941112518
0.08376994729042053
0.09276425838470459
0.08218080550432205
0.08492021262645721
0.08708737045526505
0.06792754679918289
0.08495475351810455
0.10118600726127625
0.06577945500612259
0.0679916962981224
0.07415496557950974
0.07691529393196106
0.06738757342100143
0.07495208084583282
0.06161055713891983
0.07039598375558853
0.0653209388256073
0.0587557889521122
0.08799773454666138
0.07447446882724762
0.06038183718919754
0.07838068157434464
0.07235030084848404
0.08754982799291611
0.07318286597728729
0.06401015818119049
0.0644967183470726
0.07637929171323776
0.05692848935723305
0.05927146226167679
0.05565548688173294
0.06962504982948303
0.06408087909221649
0.0674690529704094
0.07355604320764542
0.06716413050889969
0.0706324502825737
0.07129622250795364
0.07079458236694336
0.077507384121418
0.06720521301031113
0.05928540229797363
0.057078201323747635
0.07109881192445755
0.05581386387348175
0.0659003034234047
0.07035709917545319
0.05846249684691429
0.05571410804986954
0.07959385961294174
0.06148970499634743
0.050479087978601456
0.07450851798057556
0.056445952504873276
0.053748730570077896
0.07023311406373978
0.057381950318813324
0.060947295278310776
0.04779904708266258
0.065059594810009
0.06162923946976662
0.06960194557905197
0.05767268314957619
0.05867421627044678
0.04399671033024788
0.06878690421581268
0.06059124320745468
0.053672175854444504
0.06033971905708313
0.06952600926160812
0.06262674927711487
0.05086503550410271
0.060412462800741196
0.0568593293428421
0.06685891002416611
0.05219307169318199
###depth 2 finished!
0.9771841764450073
0.9377037882804871
0.9378377795219421
0.9343535304069519
0.9287561774253845
0.9230091571807861
0.9347750544548035
0.9149788022041321
0.9400442242622375
0.9411055445671082
0.9232814311981201
0.9179630279541016
0.922059178352356
0.9300999641418457
0.922671914100647
0.9174837470054626
0.9186071753501892
0.9158331155776978
0.8989283442497253
0.9011234045028687
0.9226927757263184
0.9220890402793884
0.9120315313339233
0.9027117490768433
0.8929718136787415
0.8909582495689392
0.9090941548347473
0.9034962058067322
0.8891845345497131
0.8969870805740356
0.8750975728034973
0.8931644558906555
0.8730155229568481
0.88932204246521
0.8659027218818665
0.8767061233520508
0.8736632466316223
0.8565666675567627
0.8637353181838989
0.8599724173545837
0.8573955297470093
0.858871340751648
0.8533677458763123
0.8579148054122925
0.8415318131446838
0.8450005650520325
0.838895320892334
0.8297389149665833
0.840946614742279
0.8264073133468628
0.832493245601654
0.8229692578315735
0.8145961165428162
0.7679329514503479
0.7878572344779968
0.805473268032074
0.8028009533882141
0.7850115299224854
0.7818083763122559
0.7671859264373779
0.7677704691886902
0.7588722109794617
0.7792035341262817
0.7662860155105591
0.7757285833358765
0.7735614776611328
0.767638087272644
0.7501189708709717
0.7547665238380432
0.7419666647911072
0.7334159016609192
0.7318068146705627
0.7315886616706848
0.7157950401306152
0.7184897661209106
0.7121554613113403
0.7172471284866333
0.7290367484092712
0.7018280625343323
0.7022485136985779
0.6964197754859924
0.6721718907356262
0.6831814646720886
0.6544725894927979
0.6718665361404419
0.6746046543121338
0.6588414907455444
0.668361485004425
0.6654417514801025
0.6566540002822876
0.6404767632484436
0.6433857679367065
0.6269897222518921
0.6356325149536133
0.6059710383415222
0.6083438396453857
0.6071963906288147
0.6039565801620483
0.6209906935691833
0.6158183813095093
0.6022832989692688
0.5993442535400391
0.5736337900161743
0.616779625415802
0.5696964263916016
0.60404372215271
0.5558105111122131
0.5857890844345093
0.553591251373291
0.5559220314025879
0.5365081429481506
0.526837944984436
0.5311188697814941
0.5296911597251892
0.528230607509613
0.5165017247200012
0.5045233368873596
0.5068978071212769
0.5227928757667542
0.4777775704860687
0.4967767894268036
0.5097261071205139
0.5123084187507629
0.4739985466003418
0.4848179817199707
0.45453742146492004
0.45723018050193787
0.44632771611213684
0.4564691483974457
0.41137874126434326
0.47065651416778564
0.4291868805885315
0.42919716238975525
0.44192907214164734
0.45240986347198486
0.41591185331344604
0.4018952548503876
0.3983842730522156
0.40043628215789795
0.3794471025466919
0.38946253061294556
0.3861726224422455
0.3618379533290863
0.35561618208885193
0.3747955858707428
0.34860554337501526
0.3573175370693207
0.3668454885482788
0.3396112620830536
0.3346214294433594
0.3094821274280548
0.33244648575782776
0.3311105966567993
0.3226877748966217
0.335538774728775
0.29077181220054626
0.3202765882015228
0.3332974314689636
0.2968366742134094
0.2876877784729004
0.2912523150444031
0.29574885964393616
0.29204654693603516
0.26695555448532104
0.29631322622299194
0.2521064579486847
0.26583409309387207
0.2543589472770691
0.2899269163608551
0.2579396069049835
0.27047768235206604
0.2644404470920563
0.24940791726112366
0.2797912359237671
0.25181734561920166
0.25672638416290283
0.24659332633018494
0.24408653378486633
0.19284433126449585
0.23453916609287262
0.23713669180870056
0.2360665649175644
0.21837283670902252
0.23573072254657745
0.21555699408054352
0.21056227385997772
0.1995086520910263
0.23836222290992737
0.18144972622394562
0.20548398792743683
0.18517883121967316
0.23544222116470337
0.1997591108083725
0.19177289307117462
0.20589545369148254
0.15788578987121582
0.1588694453239441
0.19469094276428223
0.17566747963428497
0.1655697077512741
0.20525303483009338
0.19094322621822357
0.1766883134841919
0.18098628520965576
0.1608089655637741
0.16929972171783447
0.15053367614746094
0.16597677767276764
0.1583375781774521
0.1440851092338562
0.17402490973472595
0.19052134454250336
0.15499041974544525
0.15475134551525116
0.14027835428714752
0.1423007845878601
0.1475641131401062
0.14696228504180908
0.14938384294509888
0.14639195799827576
0.1493987888097763
0.13481076061725616
0.14233818650245667
0.16406278312206268
0.14861150085926056
0.16549913585186005
0.13931384682655334
0.12399214506149292
0.16064922511577606
0.13704758882522583
0.11334866285324097
0.12073293328285217
0.12758953869342804
0.12962578237056732
0.1396373212337494
0.13679619133472443
0.1045406311750412
0.13416743278503418
0.10084386169910431
0.14500309526920319
0.14344309270381927
0.13000060617923737
0.11426891386508942
0.11362000554800034
0.10747691243886948
0.11048922687768936
0.11545516550540924
0.10479837656021118
0.12341485172510147
0.12249373644590378
0.09460674226284027
0.10964136570692062
0.12130337208509445
0.12170524895191193
0.10281132161617279
0.1147596538066864
0.09615384042263031
0.09177350997924805
0.09693905711174011
0.09520174562931061
0.12282530963420868
0.11650652438402176
0.10758612304925919
0.1157987117767334
0.08225495368242264
0.10025551915168762
0.10532969236373901
0.12405224144458771
0.10980839282274246
0.11570464074611664
0.07667125761508942
0.07501405477523804
0.0814550593495369
0.0868891179561615
0.10574799031019211
0.11045855283737183
0.11202816665172577
0.08447019010782242
0.10164396464824677
0.11372216790914536
0.08690930157899857
0.09973343461751938
0.11104043573141098
0.08857832849025726
0.07763995975255966
0.08695302903652191
0.09913872927427292
0.09091509133577347
0.0877443328499794
0.08263858407735825
0.06394357979297638
0.06922709196805954
0.0808221697807312
0.08327850699424744
0.05353128910064697
0.08245103061199188
0.0875152125954628
0.07601740956306458
0.09918384999036789
0.07146497815847397
0.07194843143224716
0.08152978867292404
0.0752875879406929
0.06318539381027222
0.07583479583263397
0.0579821839928627
0.061731524765491486
0.07946442067623138
0.07054709643125534
0.08655783534049988
0.06823450326919556
0.07542943954467773
0.08061329275369644
0.07809068262577057
0.08361855149269104
0.07257401198148727
0.07579513639211655
0.06364479660987854
0.05752144008874893
0.07421384006738663
0.06323089450597763
0.09200259298086166
0.07853913307189941
0.0783613920211792
0.07724278420209885
0.06584170460700989
0.06117113679647446
0.0618327371776104
0.05704691261053085
0.07467964291572571
0.06775590032339096
0.05538146570324898
0.05827440693974495
0.08386627584695816
0.05756303668022156
0.06067734956741333
0.046180739998817444
0.04829895868897438
0.049493614584207535
0.07839890569448471
0.06279841810464859
0.05923282355070114
0.0699954703450203
0.05933324620127678
0.04408782348036766
0.0513133779168129
0.047073885798454285
0.04539799317717552
0.0733395591378212
0.051719535142183304
0.05557376891374588
0.05621221661567688
0.07179620116949081
0.05459185317158699
0.04922020062804222
0.05795874446630478
0.05461305379867554
0.04802318289875984
0.069864921271801
0.05771821737289429
0.06234633922576904
0.05065194144845009
0.06056485325098038
0.036566589027643204
0.06751459836959839
0.05824204534292221
0.05834100767970085
0.049420975148677826
0.0494733490049839
0.07329631596803665
0.03579791635274887
0.046618882566690445
0.05109415948390961
0.05732276290655136
0.058550041168928146
0.04875709116458893
0.04287046939134598
0.04453946650028229
0.05307833105325699
0.054926395416259766
0.038797926157712936
0.05018681660294533
0.043858978897333145
0.04938140884041786
0.0574309341609478
0.03578823432326317
0.05310021713376045
0.04432176053524017
0.047197043895721436
0.04659699276089668
0.04259254038333893
0.0577811561524868
0.04485738277435303
0.06445786356925964
0.045520998537540436
0.04337383434176445
0.05004182085394859
0.0573749803006649
0.05131740868091583
0.05404689908027649
0.055020347237586975
0.03260788321495056
0.03540287911891937
0.06824246793985367
0.05283515900373459
0.03791633993387222
0.03746143355965614
0.05335862562060356
0.038915909826755524
0.0500357486307621
0.04243958368897438
0.05779830738902092
0.05229528993368149
0.041323669254779816
0.02958325669169426
0.053460802882909775
0.03779846429824829
0.07485590130090714
0.0589284710586071
0.03908350318670273
0.03742865473031998
0.07115349173545837
0.03657843917608261
0.035674288868904114
0.04367820546030998
0.04086621105670929
0.04338296130299568
0.030867082998156548
0.043868307024240494
0.043317798525094986
0.040438659489154816
0.03632655739784241
0.03160201013088226
0.0438656359910965
0.03547535091638565
0.053666260093450546
0.047173380851745605
0.0687665119767189
0.05524237081408501
0.0504227876663208
0.03228380158543587
0.035802267491817474
0.03703129291534424
0.05025488883256912
0.048755157738924026
0.032720789313316345
0.04432424157857895
0.049723345786333084
0.03937618434429169
0.04254196584224701
0.05032049119472504
0.03753315284848213
0.03435474634170532
0.041448041796684265
0.02826423943042755
0.033057790249586105
0.062094368040561676
0.025585129857063293
0.053196925669908524
0.0505196750164032
0.03585245460271835
0.02964077889919281
0.04460202157497406
0.03842085972428322
0.03923404961824417
0.04021194204688072
0.03669774904847145
0.04263048991560936
0.0277961865067482
0.03469214588403702
0.04034992307424545
0.022352447733283043
0.029346711933612823
0.041169118136167526
0.038200877606868744
0.03261961042881012
0.035258613526821136
0.025233320891857147
0.0521005354821682
0.024615611881017685
0.04239131882786751
0.03672894462943077
0.04288266599178314
0.052440300583839417
0.046719714999198914
0.033018749207258224
0.039588622748851776
0.0303990226238966
0.031677816063165665
0.035627469420433044
0.04214112088084221
0.022552428767085075
0.031020214781165123
0.038091178983449936
0.030058374628424644
0.0332709401845932
0.040262117981910706
0.03392525762319565
0.02241017483174801
0.040909066796302795
0.02682877890765667
0.03991281986236572
0.030872633680701256
0.026059191673994064
0.031550709158182144
0.031844306737184525
0.025280404835939407
0.020694656297564507
0.0428522527217865
0.022105835378170013
0.02617613412439823
0.02205188386142254
0.02406487986445427
0.02514221891760826
0.018776899203658104
0.022893792018294334
0.024065503850579262
0.014909188263118267
0.028342895209789276
0.026703523471951485
0.03862795606255531
0.0281660296022892
0.028104785829782486
0.023641111329197884
0.025631386786699295
0.022217286750674248
0.01900382712483406
0.02972405217587948
0.03494838997721672
0.03015909530222416
0.032509639859199524
0.03275216370820999
0.03428950905799866
0.019475648179650307
0.034116584807634354
0.033115338534116745
0.027171749621629715
0.023284651339054108
0.02485073357820511
0.010166696272790432
0.04205983132123947
0.024179533123970032
0.04404258728027344
0.026801619678735733
0.030393660068511963
0.03616391122341156
0.0304464939981699
0.029063913971185684
0.03954366594552994
0.020321877673268318
0.041743241250514984
0.019589439034461975
0.04129062965512276
0.017230108380317688
0.021102605387568474
0.01491628959774971
0.02711263857781887
0.02310066856443882
0.020959168672561646
0.03798630088567734
0.03594709187746048
0.025885622948408127
0.02147948555648327
0.024089209735393524
0.03552399203181267
0.02676059678196907
0.027035756036639214
0.027490908280014992
0.031091460958123207
0.015440931543707848
0.04403410479426384
0.03487839549779892
0.04249941185116768
0.02766714058816433
0.02584351971745491
0.031681742519140244
0.01920599862933159
0.026217021048069
0.03732824698090553
0.042611751705408096
0.033192411065101624
0.03178516775369644
0.02374851331114769
0.014101573266088963
0.017613263800740242
0.04905819520354271
0.026480622589588165
0.02656368352472782
0.015078175812959671
0.03103049099445343
0.013128270395100117
0.01993451453745365
0.015607818029820919
0.03012646920979023
0.01653296686708927
0.025017807260155678
0.030685650184750557
0.03416842967271805
0.02263309247791767
0.034579478204250336
0.046908844262361526
0.03100740909576416
0.041075728833675385
0.03625136986374855
0.024543095380067825
0.03578133136034012
0.012797886505723
0.018240148201584816
0.025880660861730576
0.024869365617632866
0.026747243478894234
0.018197445198893547
0.02389582432806492
0.030455460771918297
0.017176160588860512
0.03094523213803768
0.023107260465621948
0.013250047340989113
0.021766934543848038
0.02823833003640175
0.026072880253195763
0.03166190907359123
0.03616470471024513
0.02644866704940796
0.02777426689863205
0.03836412727832794
0.013788897544145584
0.01777031272649765
0.026173386722803116
0.024647410959005356
0.017851248383522034
0.03914647176861763
0.018914468586444855
0.016081813722848892
0.045937079936265945
0.02988416515290737
0.0244835764169693
0.023144075646996498
0.02631687931716442
0.017602961510419846
0.027099421247839928
0.024751044809818268
0.010520052164793015
0.01590237207710743
0.014831029810011387
0.020188698545098305
0.03189950808882713
0.049286577850580215
0.016759822145104408
0.02711130492389202
0.033058635890483856
0.01820647530257702
0.019464021548628807
0.028405841439962387
0.01808781921863556
0.016015969216823578
0.01823887601494789
0.015590816736221313
0.018597818911075592
0.022370144724845886
0.021401237696409225
0.019751189276576042
0.013219334185123444
0.02278878167271614
0.0376289002597332
0.024062469601631165
0.013781578280031681
0.032204169780015945
0.018906360492110252
0.03345942497253418
0.02475751005113125
0.025912892073392868
0.025640184059739113
0.01933998242020607
0.025867151096463203
0.028399689123034477
0.017286309972405434
0.021570855751633644
0.03148018568754196
0.022196093574166298
0.029563168063759804
0.0190651323646307
0.021416326984763145
0.024794984608888626
0.01691189408302307
0.024189908057451248
0.013572168536484241
0.02227684296667576
0.03281537443399429
0.02316146157681942
0.024261485785245895
0.02343393675982952
0.01994817890226841
0.022502904757857323
0.04450911656022072
0.028304949402809143
0.01527468953281641
0.023211698979139328
0.02058042399585247
0.04564352333545685
0.026294821873307228
0.031224001199007034
0.022979360073804855
0.026154985651373863
0.02471536584198475
0.020164011046290398
0.02325531840324402
0.029860977083444595
0.018227068707346916
0.04253507778048515
0.03297654911875725
0.015573572367429733
0.018986573442816734
0.025554783642292023
0.019130675122141838
0.014020003378391266
0.013136952184140682
0.028848063200712204
0.012198878452181816
0.02775663509964943
0.019236693158745766
0.03709425777196884
0.021988211199641228
0.016269909217953682
0.018461095169186592
0.026996517553925514
0.014816990122199059
0.01808205246925354
0.02512998878955841
0.0224058385938406
0.02140536904335022
0.020365914329886436
0.02043597586452961
0.022782860323786736
0.02405668795108795
0.02134840004146099
0.015438131988048553
0.027129750698804855
0.01940193586051464
0.011887719854712486
0.025680379942059517
0.01771293208003044
0.017043838277459145
0.018506960943341255
0.020420297980308533
0.022893238812685013
0.026927726343274117
0.013557753525674343
0.020643549039959908
0.047220274806022644
0.011857613921165466
0.011625339277088642
0.010556168854236603
0.018105121329426765
0.02093951590359211
0.01874544844031334
0.03374671936035156
0.026170138269662857
0.04020801931619644
0.022435568273067474
0.023035120218992233
0.013601060956716537
0.01872672140598297
0.030327392742037773
0.015838803723454475
0.013145067729055882
0.01510500255972147
0.016840016469359398
0.0214020274579525
0.017560524865984917
0.016805775463581085
0.03956833481788635
0.022768227383494377
0.015731999650597572
0.027378791943192482
0.009843794628977776
0.01305826660245657
0.017183290794491768
0.043203312903642654
0.01650514453649521
0.020009219646453857
0.018257565796375275
0.012104571796953678
0.015343531966209412
0.018869448453187943
0.03644439950585365
0.021558238193392754
0.01608680561184883
0.010755835101008415
0.01650523953139782
0.02406572364270687
0.02112775295972824
0.017384573817253113
0.025729136541485786
0.01745864935219288
0.015851594507694244
0.013000677339732647
0.019371982663869858
0.024551931768655777
0.018922563642263412
0.009624877013266087
0.020677724853157997
0.02089996263384819
0.01788521371781826
0.022139515727758408
0.02033732458949089
0.013274759985506535
0.019698163494467735
0.02977028861641884
0.010764962993562222
0.015096799470484257
0.036474574357271194
0.02012171410024166
0.01859651505947113
0.0158595722168684
0.0180231723934412
0.0143100181594491
0.0219428688287735
0.010542151518166065
0.0144001804292202
0.03334789350628853
0.015743810683488846
0.01863102801144123
0.015421897172927856
0.02416354976594448
0.02574106864631176
0.013540301471948624
0.029172483831644058
0.029185263440012932
0.0199318528175354
0.024734817445278168
0.017422104254364967
0.021100854501128197
0.014668356627225876
0.01511800941079855
0.011355588212609291
0.016042251139879227
0.011500147171318531
0.020112283527851105
0.0248912014067173
0.01421087421476841
0.01875319518148899
0.0301993228495121
0.013884059153497219
0.021690547466278076
0.018980883061885834
0.012954646721482277
0.03186111897230148
0.02586730383336544
0.01796608604490757
0.014065410010516644
0.016486644744873047
0.016630906611680984
0.013029126450419426
0.011125209741294384
0.022238347679376602
0.014911267906427383
0.03348634019494057
0.018250439316034317
0.019511060789227486
0.0244794562458992
0.01195226889103651
0.013950330205261707
0.01942373812198639
0.01710439845919609
0.040997061878442764
0.009226956404745579
0.024747127667069435
0.020473048090934753
0.02154894545674324
0.024099156260490417
0.018537310883402824
0.021225973963737488
0.011805355548858643
0.01662594825029373
0.019319908693432808
0.012990506365895271
0.010893261060118675
0.01269496139138937
0.023239215835928917
0.015611137263476849
0.01673821546137333
0.010967507027089596
0.016491055488586426
0.012281372211873531
0.026603618636727333
0.009604967199265957
0.024300120770931244
0.013149688951671124
0.015976065769791603
0.014344809576869011
0.017841219902038574
0.01602156274020672
0.02523951791226864
0.01614272966980934
0.021335329860448837
0.019069157540798187
0.013639370910823345
0.021872716024518013
0.018285006284713745
0.02051219530403614
0.019616296514868736
0.008603296242654324
0.012109171599149704
0.02397526428103447
0.01921202801167965
0.03761150315403938
0.02716224640607834
0.01533972192555666
0.036008309572935104
0.009408939629793167
0.029222996905446053
0.025645894929766655
0.016394708305597305
0.01298513077199459
0.013866817578673363
0.01618538610637188
0.01580733433365822
0.017567330971360207
0.019372927024960518
0.010083951987326145
0.01896241307258606
0.009100762195885181
0.020962588489055634
0.023680973798036575
0.0074588884599506855
0.010447440668940544
0.019730865955352783
0.018027232959866524
0.014547997154295444
0.015726592391729355
0.01757849007844925
0.01688595861196518
0.015908965840935707
0.013660408556461334
0.01639953814446926
0.00896391924470663
0.020844077691435814
0.010143070481717587
0.031647901982069016
0.012348152697086334
0.00970067735761404
0.022538909688591957
0.032138530164957047
0.0048609948717057705
0.011558381840586662
0.017712384462356567
0.01425156183540821
0.019016487523913383
0.008360589854419231
0.015199593268334866
0.011993832886219025
0.0317845419049263
0.030229339376091957
0.020727189257740974
0.02150639332830906
0.01174241118133068
0.02196875587105751
0.010928205214440823
0.02968883141875267
0.011729385703802109
0.012576405890285969
0.02946067415177822
0.02167382650077343
0.014496391639113426
0.006503739859908819
0.016572438180446625
0.01238187961280346
0.01648085191845894
0.01433147769421339
0.014877991750836372
0.006431747227907181
0.007517868187278509
0.012888968922197819
0.01224251464009285
0.019340239465236664
0.029001284390687943
0.021884039044380188
0.026390837505459785
0.020613929256796837
0.008666244335472584
0.014070006087422371
0.027694640681147575
0.024096094071865082
0.02275351993739605
0.017514096572995186
0.009582806378602982
0.009996171109378338
0.0211651474237442
0.015677349641919136
0.02003546990454197
0.022724797949194908
0.027944834902882576
0.010850857011973858
0.019703291356563568
0.025997620075941086
0.012658129446208477
0.028520910069346428
0.018150385469198227
0.014131722040474415
0.013229751028120518
0.02293495461344719
0.01849101111292839
0.032480284571647644
0.028199950233101845
0.020284539088606834
0.011642766185104847
0.011734464205801487
0.021337203681468964
0.010226085782051086
0.016555150970816612
0.009622490033507347
0.015273287892341614
0.02138846553862095
0.010888366028666496
0.010985545814037323
0.017278991639614105
0.007938885129988194
0.023194801062345505
0.013434246182441711
0.024951299652457237
0.008390665054321289
0.007535659242421389
0.021681657060980797
0.02143474668264389
0.01621468923985958
0.01643221639096737
0.0220048651099205
0.028695272281765938
0.011427211575210094
0.014773095026612282
0.01364108081907034
0.0361161008477211
0.01528491172939539
0.01808864064514637
0.026831645518541336
0.013997770845890045
0.012502366676926613
0.010284487158060074
0.013093661516904831
0.01857074350118637
0.021689483895897865
0.009478588588535786
0.02727993205189705
0.014335395768284798
0.025620494037866592
0.019155990332365036
0.011398067697882652
0.022461114451289177
0.008156536146998405
0.019393980503082275
0.015419304370880127
0.008099114522337914
0.01875428669154644
0.019431374967098236
0.020585576072335243
0.02327813021838665
0.007713748142123222
0.009446674026548862
0.031039921566843987
0.009953157044947147
0.027804896235466003
0.007443778682500124
0.011737494729459286
0.023090846836566925
0.014737305231392384
0.019857242703437805
0.0125502347946167
0.02927136979997158
0.013659474439918995
0.011479447595775127
0.02337849698960781
0.01612301915884018
0.01196843758225441
0.016869941726326942
0.018788596615195274
0.022384759038686752
0.019793951883912086
0.023312710225582123
0.007268047425895929
0.010067020542919636
0.02541733905673027
0.020220136269927025
0.011293142102658749
0.027626438066363335
0.01923333667218685
0.013457664288580418
0.015645071864128113
0.010433574207127094
0.016413314267992973
0.014028697274625301
0.01591772772371769
0.014936357736587524
0.013758010230958462
0.008618483319878578
0.008029267191886902
0.020259123295545578
0.0063276272267103195
0.033903054893016815
0.01999528892338276
0.010417502373456955
0.010200460441410542
0.008604735136032104
0.011816106736660004
0.01353627722710371
0.013136886060237885
0.011265362612903118
0.015955936163663864
0.013695033267140388
0.010027113370597363
0.024495743215084076
0.012761617079377174
0.017219973728060722
0.009651855565607548
0.019804522395133972
0.015538647770881653
0.010031662881374359
0.021400945261120796
0.01872655563056469
0.01638644002377987
0.017336884513497353
0.026224322617053986
0.02098879963159561
0.03398052975535393
0.01173512265086174
0.011658347211778164
0.023474127054214478
0.016280522570014
0.009341912344098091
0.023166213184595108
0.013947111554443836
0.011093591339886189
0.00906676147133112
0.0394301563501358
0.013127785176038742
0.01739192195236683
0.008643720299005508
0.013770353980362415
0.01816091127693653
0.021735548973083496
0.01490531861782074
0.012145306915044785
0.01176164299249649
0.016038818284869194
0.013603024184703827
0.013259137980639935
0.00805300660431385
0.012102475389838219
0.017438489943742752
0.010675658471882343
0.022613458335399628
0.015971938148140907
0.014147589914500713
0.015735553577542305
0.011429108679294586
0.014274382963776588
0.01544842217117548
0.008009469136595726
0.013163558207452297
0.019100727513432503
0.03790022432804108
0.011898752301931381
0.01736040972173214
0.016762876883149147
0.015668140724301338
0.014576401561498642
0.009873448871076107
0.022766880691051483
0.025579264387488365
0.011722475290298462
0.01965581811964512
0.019063716754317284
0.01782361790537834
0.005294589325785637
0.019731668755412102
0.013866512104868889
0.02347109280526638
0.009697583504021168
0.011194796301424503
0.011192822828888893
0.010354348458349705
0.025845184922218323
0.010060400702059269
0.017570335417985916
0.012437437660992146
0.011364785023033619
0.01804502308368683
0.009286660701036453
0.010927978903055191
0.026175271719694138
0.011016782373189926
0.020796649158000946
0.0078000579960644245
0.0071080890484154224
0.028570685535669327
0.013054074719548225
0.009670831263065338
0.0310178454965353
0.020637497305870056
0.021328680217266083
0.019917305558919907
0.01836486905813217
0.011682764627039433
0.013756814412772655
0.012895859777927399
0.010334000922739506
0.010454557836055756
0.01856355369091034
0.009353323839604855
0.01817401684820652
0.00995367206633091
0.014851538464426994
0.017052805051207542
0.01778324693441391
0.012107409536838531
0.005909749772399664
0.029759470373392105
0.011020120233297348
0.013677808456122875
0.012439432553946972
0.011399888433516026
0.013483326882123947
0.012513441033661366
0.021937405690550804
0.011563241481781006
0.03380271792411804
0.01446333434432745
0.01338270865380764
0.01156533695757389
0.006479786243289709
0.016247306019067764
0.02404176816344261
0.008269828744232655
0.01590915210545063
0.013661803677678108
0.0053888848051428795
0.023867176845669746
0.020267428830266
0.010715440846979618
0.011958173476159573
0.02353418804705143
0.012928260490298271
0.006613531615585089
0.010720990598201752
0.018251528963446617
0.014120585285127163
0.014674712903797626
0.0402514785528183
0.018161091953516006
0.009270058013498783
0.010901864618062973
0.017616113647818565
0.028320657089352608
0.022818638011813164
0.015995746478438377
0.027228569611907005
0.023379186168313026
0.02070287987589836
0.01670556329190731
0.018834667280316353
0.020276516675949097
0.014495686627924442
0.011420518159866333
0.015092761255800724
0.009365933015942574
0.01576823741197586
0.011789754033088684
0.017384368926286697
0.023608418181538582
0.01963070221245289
0.017572151497006416
0.011834949254989624
0.028997711837291718
0.01856851577758789
0.01875973306596279
0.0359160341322422
0.013701280578970909
0.0205768421292305
0.011201916262507439
0.007048475090414286
0.021039627492427826
0.01635137014091015
0.01961735635995865
0.007978368550539017
0.023507503792643547
0.011776787228882313
0.024678025394678116
0.012214026413857937
0.013308052904903889
0.015620754100382328
0.01745983399450779
0.009120503440499306
0.018285060301423073
0.011261540465056896
0.019968301057815552
0.00945392344146967
0.013615280389785767
0.03896461799740791
0.024514472112059593
0.010062956251204014
0.02138206735253334
0.010852139443159103
0.013582329265773296
0.01796676591038704
0.009493096731603146
0.012699556536972523
0.011451897211372852
0.016014480963349342
0.009153689257800579
0.014161241240799427
0.013431324623525143
0.03118574619293213
0.010690758004784584
0.01095229759812355
0.00936946365982294
0.019680896773934364
0.011713108979165554
0.00865332130342722
0.01871393620967865
0.012151199392974377
0.013083231635391712
0.009193776175379753
0.019939394667744637
0.00816828291863203
0.01415076944977045
0.013067864812910557
0.028949394822120667
0.01354147307574749
0.014959846623241901
0.015149516053497791
0.012652596458792686
0.013983449898660183
0.011295338161289692
0.011880583129823208
0.0162045955657959
0.008950591087341309
0.011145830154418945
0.02551436424255371
0.02210935391485691
0.011512848548591137
0.012799332849681377
0.005521902348846197
0.016941793262958527
0.01718478463590145
0.03117682784795761
0.011836002580821514
0.010166706517338753
0.0053599076345562935
0.028052616864442825
0.018036268651485443
###depth 3 finished!
