1.9968616962432861 0.3348536491394043
1.8625209331512451 0.3497167229652405
1.719353437423706 0.36533790826797485
1.6054260730743408 0.3825301229953766
1.5887691974639893 0.38639935851097107
1.5120099782943726 0.39799031615257263
1.4024900197982788 0.4304024279117584
1.3379011154174805 0.4410220682621002
1.3014639616012573 0.44913041591644287
1.249718427658081 0.4640287458896637
1.2205114364624023 0.47926875948905945
1.1575475931167603 0.495453417301178
1.1279186010360718 0.5027768015861511
1.0839897394180298 0.5241066813468933
1.0844498872756958 0.5399234294891357
1.010525107383728 0.5647550225257874
1.0164874792099 0.5797035694122314
0.9862875938415527 0.5950134992599487
0.9703489542007446 0.5978649854660034
0.8991666436195374 0.6458432674407959
0.9078517556190491 0.6385495066642761
0.9000174403190613 0.6478562951087952
0.8755205273628235 0.6596342921257019
0.8637180328369141 0.6591235995292664
0.860515832901001 0.6588708758354187
0.8389537334442139 0.6753759980201721
0.8307082653045654 0.6859681606292725
0.8451934456825256 0.690847635269165
0.8292981386184692 0.6962098479270935
0.8221259117126465 0.6916211843490601
0.8213720917701721 0.7034934759140015
0.8177230358123779 0.718109130859375
0.803459107875824 0.7272356152534485
0.7908413410186768 0.7241972088813782
0.7922991514205933 0.7208801507949829
0.7807267904281616 0.7285634279251099
0.7835441827774048 0.7223845720291138
0.7825581431388855 0.7426729202270508
0.7816230654716492 0.7369314432144165
0.762586772441864 0.7587630152702332
0.7480884790420532 0.7511820793151855
0.739520788192749 0.7543681263923645
0.7526370882987976 0.7649913430213928
0.7477171421051025 0.7700936198234558
0.746108889579773 0.7665130496025085
0.7451034188270569 0.7605690956115723
0.7457918524742126 0.7632423043251038
0.7427409887313843 0.7696835994720459
0.7437312006950378 0.763530433177948
0.7352979183197021 0.7557535171508789
0.7470487356185913 0.7802335619926453
0.731019914150238 0.7724710702896118
0.7288095951080322 0.7715731263160706
0.7019760608673096 0.7780283093452454
0.7171595096588135 0.7736480832099915
0.7200729846954346 0.7797139286994934
0.7097398042678833 0.7851939797401428
0.7240086197853088 0.7805576920509338
0.730592668056488 0.7903687357902527
0.6913999319076538 0.8324035406112671
0.6878416538238525 0.8014855980873108
0.697039783000946 0.7988518476486206
0.6890274882316589 0.7991071343421936
0.6972091794013977 0.7912241816520691
0.6900926232337952 0.7915403246879578
0.6964075565338135 0.7995119690895081
0.6929875016212463 0.8074421882629395
0.6919035315513611 0.8001763224601746
0.6882904767990112 0.8085525035858154
0.7005100250244141 0.7973689436912537
0.6826668381690979 0.8043564558029175
0.6801650524139404 0.8105190396308899
0.6723737716674805 0.8222653865814209
0.6700359582901001 0.8236631751060486
0.6705358624458313 0.824676513671875
0.6652066111564636 0.8252083659172058
0.6642781496047974 0.8394519686698914
0.6575984358787537 0.8447363972663879
0.6575008630752563 0.835881233215332
0.6295618414878845 0.8850232362747192
0.6294804811477661 0.8845540285110474
0.6382392048835754 0.8798428177833557
0.6256276965141296 0.8825930953025818
0.6264320611953735 0.8658716678619385
0.6410542130470276 0.8767208456993103
0.6383594870567322 0.8658113479614258
0.6193121075630188 0.8865117430686951
0.6255974173545837 0.8811831474304199
0.6161968111991882 0.8907576203346252
0.6115233302116394 0.8905040621757507
0.612866222858429 0.9004049301147461
0.6093753576278687 0.8970829844474792
0.5852214694023132 0.8988968133926392
0.5888516902923584 0.9317246079444885
0.5881472826004028 0.916071891784668
0.5877653956413269 0.9216277003288269
0.5709176063537598 0.9252429008483887
0.5716284513473511 0.9335960149765015
0.5712984204292297 0.9285483956336975
0.5504152774810791 0.9875420331954956
0.5590580701828003 0.9489058256149292
0.5577983856201172 0.9560877084732056
0.5573534965515137 0.947892427444458
0.5608169436454773 0.932948112487793
0.5612149834632874 0.9291747212409973
0.5657039284706116 0.9237233400344849
0.5604601502418518 0.9327537417411804
0.5677295327186584 0.9279540181159973
0.5658044219017029 0.9331433773040771
0.5685664415359497 0.925097644329071
0.5689561367034912 0.9230441451072693
0.5676583051681519 0.9254202842712402
0.5678645968437195 0.9282136559486389
0.5596294403076172 0.923804521560669
0.5733943581581116 0.9203093647956848
0.5693165063858032 0.9299656748771667
0.56455397605896 0.9205679893493652
0.5703384280204773 0.9204602241516113
0.5652903914451599 0.9176680445671082
0.5471857786178589 0.9469215869903564
0.55093914270401 0.9496880173683167
0.5594935417175293 0.9367448091506958
0.5457521080970764 0.9490625262260437
0.559546172618866 0.9433687925338745
0.5563924908638 0.9327642917633057
0.5525311827659607 0.9319254159927368
0.5578140616416931 0.9377388954162598
0.5531353950500488 0.9387843608856201
0.5538542866706848 0.9387336373329163
0.5512799024581909 0.9425022602081299
0.5511718392372131 0.9375715851783752
0.5436539649963379 0.9603140950202942
0.5389537811279297 0.946283221244812
0.5455060601234436 0.9498087167739868
0.545676589012146 0.9422079920768738
0.5491287708282471 0.9459659457206726
0.5445787906646729 0.9536810517311096
0.541897177696228 0.9523445963859558
0.5475372672080994 0.9460985660552979
0.5414437055587769 0.9317191243171692
0.5271678566932678 0.9691866636276245
0.5274792909622192 0.9683431386947632
0.5298296809196472 0.9734759330749512
0.5298877358436584 0.9712814688682556
0.5363955497741699 0.9595509767532349
0.5315464735031128 0.9684382081031799
0.5357359647750854 0.9665114283561707
0.5211219191551208 0.9769479036331177
0.5287718176841736 0.9742361307144165
0.5295801758766174 0.9796266555786133
0.5304531455039978 0.9799185395240784
0.5277195572853088 0.981189489364624
0.5238848924636841 0.9748860597610474
0.5289618968963623 0.9677421450614929
0.5172209143638611 0.982548713684082
0.5362626314163208 0.9741438627243042
0.5322592854499817 0.9781224131584167
0.5228036642074585 0.9771546125411987
0.5207922458648682 0.9825995564460754
0.5393794178962708 0.9712164402008057
0.5208089351654053 0.9680070877075195
0.515823483467102 0.9776353240013123
0.5160523653030396 0.9728178977966309
0.521229088306427 0.9799145460128784
0.5146933794021606 1.0009922981262207
0.5207375288009644 0.9858225584030151
0.5293890833854675 0.9815794229507446
0.5144248604774475 0.9748141169548035
0.5217969417572021 0.9887360334396362
0.5199736952781677 0.9797263741493225
0.5219270586967468 0.9832070469856262
0.5196532607078552 0.9859547019004822
0.5327425599098206 0.9774107336997986
0.5289337635040283 0.9761784076690674
0.537553071975708 0.9703885912895203
0.5368005633354187 0.9867672324180603
0.5359903573989868 0.9580997228622437
0.5357772707939148 0.9694951772689819
0.537443220615387 0.9437834024429321
0.5438729524612427 0.9623386263847351
0.5436156988143921 0.9502883553504944
0.5345157980918884 0.95293790102005
0.5339503288269043 0.9538681507110596
0.5410847067832947 0.9526322484016418
0.536770761013031 0.9539557695388794
0.5382332801818848 0.953546404838562
0.5350978374481201 0.9427469372749329
0.5410345196723938 0.9462826251983643
0.5469499230384827 0.942790150642395
0.5392545461654663 0.9432162046432495
0.5441861748695374 0.9352725744247437
0.5503115653991699 0.9407449960708618
0.5464128255844116 0.9354072213172913
0.5460856556892395 0.9418873190879822
0.5466132164001465 0.9353940486907959
0.5530645251274109 0.9320629239082336
0.5437671542167664 0.9404724836349487
0.5496708154678345 0.9365288615226746
0.5464656949043274 0.9342184662818909
0.5400592088699341 0.9417039752006531
0.5387679934501648 0.9313192367553711
0.5370257496833801 0.9328280091285706
0.5339287519454956 0.9480525255203247
0.5414779186248779 0.9404815435409546
0.5387595295906067 0.9514167904853821
0.5380263924598694 0.9521259665489197
0.5437310338020325 0.9564953446388245
0.5337575674057007 0.9541964530944824
0.5377345681190491 0.9468854665756226
0.5418879389762878 0.944316565990448
0.5393315553665161 0.9498400092124939
0.5382494330406189 0.9551278948783875
0.5347026586532593 0.9638878703117371
0.5429113507270813 0.9550336599349976
0.5421920418739319 0.9419470429420471
0.5397865772247314 0.9469113349914551
0.5294607281684875 0.9421887993812561
0.5385555028915405 0.9488127827644348
0.5360928773880005 0.9464756846427917
0.5366968512535095 0.9618818163871765
0.5289138555526733 0.9580181837081909
0.5214568972587585 0.958148717880249
0.5181556344032288 0.984619677066803
0.519646942615509 0.9677600860595703
0.5371519923210144 0.9567775130271912
0.5241950154304504 0.9625577330589294
0.5286936163902283 0.9665553569793701
0.5307697653770447 0.9514378309249878
0.527357816696167 0.9720542430877686
0.5323016047477722 0.9644532203674316
0.5399566888809204 0.9584823250770569
0.535195529460907 0.9588207006454468
0.5345385074615479 0.9499525427818298
0.5339974761009216 0.9590073823928833
0.5326372385025024 0.9544826149940491
0.5359741449356079 0.9621124267578125
0.536592960357666 0.9604328274726868
0.5362678170204163 0.9519600868225098
0.5325238704681396 0.9663302898406982
0.5272047519683838 0.9578151106834412
0.5192430019378662 0.9718829393386841
0.5241804718971252 0.9709891080856323
0.5144672989845276 0.9862952828407288
0.5297945141792297 0.9688573479652405
0.5347785949707031 0.9809768199920654
0.5350368618965149 0.9671782851219177
0.5234334468841553 0.9733558893203735
0.5139051079750061 0.9798912405967712
0.5264933109283447 0.967944324016571
0.5240612626075745 0.9692932963371277
0.5284315347671509 0.9861167669296265
0.5248324871063232 0.9757266640663147
0.5238505005836487 0.9761289954185486
0.5218743085861206 0.9792518019676208
0.5187253952026367 0.9759678244590759
0.5218775272369385 0.9714521169662476
0.5206626057624817 0.988054633140564
0.5245679020881653 0.9759429693222046
0.5193842649459839 0.9694404602050781
0.5136512517929077 0.9959307909011841
0.5186111927032471 0.9854032397270203
0.5137715339660645 0.984093964099884
0.516843855381012 1.008440613746643
0.5104848742485046 0.9949461817741394
0.5100547671318054 0.98434978723526
0.5206370949745178 0.9908705949783325
0.5169171094894409 0.9776490330696106
0.5134040713310242 0.9743742346763611
0.5220987796783447 0.987610936164856
0.5124214291572571 0.9862330555915833
0.5197567343711853 0.973168134689331
0.5117177963256836 0.986201286315918
0.5081184506416321 0.990587592124939
0.5057384371757507 0.9806696176528931
0.5131681561470032 0.9835845232009888
0.5128400325775146 0.9840753078460693
0.5104386210441589 1.0011401176452637
0.5133973956108093 0.9819336533546448
0.5154467225074768 1.0043041706085205
0.5064412951469421 1.005533218383789
0.5198630690574646 0.9880868196487427
0.5091468095779419 1.002250075340271
0.5039119720458984 1.0067956447601318
0.5082020163536072 1.0076913833618164
0.5167001485824585 0.9940884113311768
0.5078870058059692 1.0114467144012451
0.5115797519683838 0.9911243319511414
0.5117214918136597 0.9973179697990417
0.5119559168815613 0.9966958165168762
0.5029760599136353 1.003561019897461
0.5106959939002991 1.0077645778656006
0.5091778635978699 1.0054656267166138
0.5178647637367249 1.0127592086791992
0.5033948421478271 1.019630789756775
0.5019016861915588 1.0208663940429688
0.4978942275047302 1.0072935819625854
0.5070465207099915 1.0268914699554443
0.4983653426170349 1.0122977495193481
0.4978017508983612 1.0242470502853394
0.5145326256752014 0.9828596711158752
0.5013588666915894 1.0222135782241821
0.48884254693984985 1.0344793796539307
0.4812321066856384 1.039957046508789
0.4902176558971405 1.0433640480041504
0.4914955198764801 1.0501220226287842
0.4829936623573303 1.031864047050476
0.4898122549057007 1.037214756011963
0.4861282408237457 1.0626784563064575
0.48293206095695496 1.0500942468643188
0.477363258600235 1.056610107421875
0.47989827394485474 1.0555245876312256
0.48089492321014404 1.0633858442306519
0.4914146363735199 1.050560712814331
0.4858173727989197 1.0608335733413696
0.4905400276184082 1.0567115545272827
0.4840690791606903 1.060829997062683
0.48288214206695557 1.0245168209075928
0.4760054051876068 1.0458996295928955
0.48518991470336914 1.0616737604141235
0.47683215141296387 1.0198065042495728
0.48887184262275696 1.0378787517547607
0.4864490330219269 1.0463780164718628
0.47909146547317505 1.0369266271591187
0.4799026846885681 1.0589687824249268
0.4865495562553406 1.0468170642852783
0.48657745122909546 1.0464584827423096
0.4896790683269501 1.0381581783294678
0.48095354437828064 1.0478508472442627
0.4883060157299042 1.0477148294448853
0.48970192670822144 1.0548648834228516
0.48560577630996704 1.0464520454406738
0.48503583669662476 1.0542807579040527
0.49016791582107544 1.0424953699111938
0.4903314709663391 1.0344550609588623
0.49827590584754944 1.0243005752563477
0.4983302056789398 1.0219852924346924
0.5053045153617859 1.0178859233856201
0.49643421173095703 1.0313514471054077
0.49631059169769287 1.0268696546554565
0.4923105239868164 1.0136055946350098
0.4947603642940521 1.0232056379318237
0.4903613030910492 1.034841775894165
0.48708876967430115 1.0420867204666138
0.49347707629203796 1.0395580530166626
0.4907003939151764 1.035806655883789
0.49114957451820374 1.0413672924041748
0.48778191208839417 1.0343514680862427
0.4929780960083008 1.0404359102249146
0.4875020384788513 1.0361080169677734
0.49677029252052307 1.03971529006958
0.4899821877479553 1.0439141988754272
0.4885965883731842 1.0451606512069702
0.4913257956504822 1.04297935962677
0.4913368225097656 1.0321991443634033
0.49617454409599304 1.040305495262146
0.5044489502906799 1.0332045555114746
0.49525028467178345 1.0236843824386597
0.490496426820755 1.0318448543548584
0.4925197660923004 1.0306274890899658
0.5098631978034973 0.9770087599754333
0.5016661286354065 0.9940264225006104
0.49757659435272217 1.0270776748657227
0.4971180260181427 1.0251940488815308
0.4950720965862274 1.0337979793548584
0.4857867360115051 1.0353107452392578
0.49143847823143005 1.0241538286209106
0.5034874677658081 1.0246473550796509
0.49740901589393616 1.0253865718841553
0.5004578232765198 1.0076425075531006
0.5066121816635132 1.021336317062378
0.5116158127784729 1.0061562061309814
0.501781165599823 1.003877878189087
0.5125270485877991 1.0051143169403076
0.5151247978210449 1.0032331943511963
0.5184069871902466 0.9992470741271973
0.5224751234054565 0.9964411854743958
0.5144810080528259 0.9804107546806335
0.5165950059890747 0.9703235030174255
0.5126972794532776 0.9951691627502441
0.5146384835243225 0.9618912935256958
0.5200923681259155 0.9734719395637512
0.5113701820373535 0.989575207233429
0.517717719078064 0.967070460319519
0.5130439400672913 1.0027815103530884
0.5175197124481201 0.9829481840133667
0.5073018670082092 0.9919211864471436
0.5166192650794983 0.9788760542869568
0.5219249129295349 0.9802228808403015
0.5167471766471863 0.9797448515892029
0.5222539901733398 0.9830124974250793
0.5196428894996643 0.9809771776199341
0.5246632099151611 0.9893870949745178
0.5368104577064514 0.9732543230056763
0.5323806405067444 0.9586034417152405
0.5435932874679565 0.9664677381515503
0.5406434535980225 0.9621175527572632
0.5431823134422302 0.9432603120803833
0.5411760807037354 0.9530065655708313
0.5434818863868713 0.9678555727005005
0.5333660244941711 0.9530784487724304
###depth 1 finished!
1.3184181451797485 1.4723106622695923
1.2564433813095093 1.2602567672729492
1.193109393119812 1.060543179512024
1.11629056930542 0.9878055453300476
1.0631093978881836 0.9408503174781799
1.0185681581497192 0.9154232144355774
0.976233720779419 0.892045259475708
0.9048660397529602 0.894952654838562
0.86601322889328 0.8975340723991394
0.8167833089828491 0.9075243473052979
0.7800356149673462 0.9194784164428711
0.772152304649353 0.9244153499603271
0.7422663569450378 0.9326696991920471
0.7236372828483582 0.9486748576164246
0.7030899524688721 0.9551109075546265
0.6935863494873047 0.977422297000885
0.6880336403846741 0.9736002087593079
0.6683385968208313 0.9845565557479858
0.666047215461731 1.0045366287231445
0.650549054145813 1.0255329608917236
0.6389101147651672 1.0331051349639893
0.621596097946167 1.0254566669464111
0.6234430074691772 1.0508143901824951
0.6075669527053833 1.055989146232605
0.6046165823936462 1.0664807558059692
0.5963460803031921 1.0845065116882324
0.5825687646865845 1.073961615562439
0.5770604610443115 1.0871317386627197
0.5733928084373474 1.0885947942733765
0.5710929036140442 1.1084703207015991
0.5693860054016113 1.1162967681884766
0.557295560836792 1.1204464435577393
0.553621768951416 1.1305527687072754
0.533355176448822 1.128324031829834
0.5316389799118042 1.1309505701065063
0.5276113152503967 1.154524803161621
0.5228884816169739 1.1692672967910767
0.5114039778709412 1.158568263053894
0.5089929699897766 1.1889808177947998
0.5179972648620605 1.1713621616363525
0.5073117017745972 1.17188560962677
0.5060954093933105 1.1875828504562378
0.48117974400520325 1.20191490650177
0.4679015874862671 1.217410922050476
0.475486159324646 1.2268996238708496
0.4760342836380005 1.25136399269104
0.46838027238845825 1.2475637197494507
0.46232104301452637 1.2397102117538452
0.4525357186794281 1.2771520614624023
0.44929182529449463 1.2753816843032837
0.4334835112094879 1.310402512550354
0.4317084848880768 1.3095486164093018
0.44134461879730225 1.3183302879333496
0.43127959966659546 1.3586863279342651
0.4343847632408142 1.3365366458892822
0.41228407621383667 1.3929873704910278
0.40537944436073303 1.3931244611740112
0.40712714195251465 1.3847163915634155
0.38922902941703796 1.4189945459365845
0.37808841466903687 1.4496840238571167
0.36883988976478577 1.4789198637008667
0.371674120426178 1.5046424865722656
0.36683616042137146 1.479019045829773
0.3433799147605896 1.520736813545227
0.34816044569015503 1.5541523694992065
0.3434009850025177 1.5856561660766602
0.3298247754573822 1.5937058925628662
0.3374892473220825 1.6053093671798706
0.3252686560153961 1.5872060060501099
0.3152916729450226 1.6489142179489136
0.3089715838432312 1.6680583953857422
0.3047926425933838 1.662290334701538
0.3094560503959656 1.6554142236709595
0.2984294295310974 1.703805923461914
0.29968398809432983 1.6938272714614868
0.29686781764030457 1.7249364852905273
0.2934775650501251 1.7493184804916382
0.3044840693473816 1.7029709815979004
0.2775226831436157 1.7382866144180298
0.2835492193698883 1.742730736732483
0.2740948498249054 1.737532615661621
0.27596184611320496 1.7787970304489136
0.2836538553237915 1.7362052202224731
0.2817816138267517 1.7969242334365845
0.27101629972457886 1.7986747026443481
0.28306278586387634 1.7712560892105103
0.2695405185222626 1.7633925676345825
0.26531141996383667 1.7611037492752075
0.2743668556213379 1.7996759414672852
0.26368018984794617 1.8410654067993164
0.26901325583457947 1.800337553024292
0.2579921782016754 1.8258652687072754
0.25056523084640503 1.8262126445770264
0.25888755917549133 1.8306218385696411
0.2495112419128418 1.850080966949463
0.2600732445716858 1.8942431211471558
0.2471838891506195 1.857609510421753
0.26311519742012024 1.832238793373108
0.2487947940826416 1.8595755100250244
0.24972841143608093 1.896952509880066
###depth 2 finished!
1.9566397666931152 0.29126450419425964
1.8178778886795044 0.3273000121116638
1.7092418670654297 0.3472902774810791
1.5909996032714844 0.3576209247112274
1.5368330478668213 0.38694801926612854
1.48478364944458 0.40328505635261536
1.4199960231781006 0.41980332136154175
1.3422670364379883 0.4416724145412445
1.2983808517456055 0.4683404862880707
1.2355177402496338 0.4826775789260864
1.2255958318710327 0.4893389046192169
1.192378044128418 0.5106805562973022
1.153626799583435 0.5238938331604004
1.102464199066162 0.552049458026886
1.080446481704712 0.5612396001815796
1.0494461059570312 0.5601189732551575
1.026274561882019 0.5861105918884277
1.0204966068267822 0.6062074899673462
0.9728590846061707 0.6103774905204773
0.9375492930412292 0.6407235264778137
0.9437107443809509 0.6387999057769775
0.9251699447631836 0.6517272591590881
0.9149045944213867 0.6528798937797546
0.8867168426513672 0.6730430126190186
0.8932936191558838 0.6803293824195862
0.8794784545898438 0.6696422100067139
0.8952339887619019 0.6748311519622803
0.8663455843925476 0.6950797438621521
0.8496320247650146 0.6988459825515747
0.8431558609008789 0.7069576382637024
0.8662533164024353 0.7056374549865723
0.845564603805542 0.6972991228103638
0.8223862051963806 0.7095251679420471
0.8394004702568054 0.7146403193473816
0.8169665932655334 0.7203528881072998
0.8297092914581299 0.7291305065155029
0.8113659620285034 0.7200698256492615
0.8078517913818359 0.7266892194747925
0.8046043515205383 0.7257960438728333
0.8135379552841187 0.7115631103515625
0.7944905757904053 0.7294170260429382
0.7973406910896301 0.7421984076499939
0.7968325614929199 0.7400252223014832
0.8025264143943787 0.7251672744750977
0.7854377031326294 0.7437744736671448
0.8135635256767273 0.7444290518760681
0.8157860636711121 0.7473240494728088
0.8103323578834534 0.7319526672363281
0.7813906669616699 0.7578006386756897
0.7964661717414856 0.7717589735984802
0.8161976933479309 0.721542239189148
0.8332231640815735 0.7366849184036255
0.7896672487258911 0.7720726728439331
0.7979501485824585 0.7556412220001221
0.7732597589492798 0.743300199508667
0.7956545352935791 0.7435783743858337
0.8010273575782776 0.7589748501777649
0.809631884098053 0.7684869170188904
0.7732597589492798 0.7599006295204163
0.7777233123779297 0.7621193528175354
0.7615529298782349 0.771864116191864
0.7812725305557251 0.7701191306114197
0.7554078698158264 0.8044511079788208
0.764686107635498 0.8101815581321716
0.7645904421806335 0.7991889119148254
0.7863048911094666 0.7818189263343811
0.7775145769119263 0.8092607855796814
0.8139898777008057 0.7967206835746765
0.7701753377914429 0.8065866231918335
0.768596887588501 0.815025806427002
0.7647413611412048 0.811449408531189
0.7836539149284363 0.785943329334259
0.758378803730011 0.8191447257995605
0.7436699867248535 0.7926321625709534
0.7776173949241638 0.8073049783706665
0.7499757409095764 0.8325551748275757
0.7727254629135132 0.8442957997322083
0.728434145450592 0.8204606175422668
0.7556838989257812 0.8284729719161987
0.7711966037750244 0.9006327390670776
0.7458879351615906 0.8373386859893799
0.7251850366592407 0.862572968006134
0.7017092108726501 0.8262249827384949
0.7282285690307617 0.844220757484436
0.7445310354232788 0.8696261048316956
0.7283447980880737 0.8361614346504211
0.7240966558456421 0.8558289408683777
0.7256364822387695 0.8680776357650757
0.6906136274337769 0.8784667253494263
0.7240222096443176 0.8885424733161926
0.7375505566596985 0.9060467481613159
0.7174741625785828 0.9048824906349182
0.7041912078857422 0.9462615251541138
0.67441326379776 0.9262192249298096
0.7036350965499878 0.968086838722229
0.6658896207809448 0.9523209929466248
0.6740334033966064 0.9932402968406677
0.6608750820159912 1.006345510482788
0.6416081190109253 1.0443178415298462
0.6517284512519836 1.0337438583374023
0.6137977838516235 1.0616894960403442
0.6089485287666321 1.054415225982666
0.5999627113342285 1.1040550470352173
0.5916873812675476 1.12541663646698
0.5995320677757263 1.1312642097473145
0.5808662176132202 1.0962008237838745
0.5857820510864258 1.1234434843063354
0.588624894618988 1.1578750610351562
0.5714032649993896 1.1254637241363525
0.5837188959121704 1.1573251485824585
0.5827564001083374 1.1515666246414185
0.5807265639305115 1.1959490776062012
0.5875909924507141 1.213308572769165
0.5800806879997253 1.171744465827942
0.55622398853302 1.2457709312438965
0.5982336401939392 1.227179765701294
0.5607001781463623 1.1884782314300537
0.5949613451957703 1.1950849294662476
0.5753252506256104 1.2173272371292114
0.5108891725540161 1.154995322227478
0.588129460811615 1.1880582571029663
0.5872530341148376 1.2087832689285278
0.5799705982208252 1.229087233543396
0.5687174201011658 1.2607828378677368
0.5850078463554382 1.2808337211608887
0.5743539929389954 1.2584853172302246
0.5432449579238892 1.207846760749817
0.5953317284584045 1.2517584562301636
0.5705652832984924 1.2739005088806152
0.597550630569458 1.2847709655761719
0.6047411561012268 1.2743463516235352
0.6143646836280823 1.2023375034332275
0.6194837689399719 1.2608675956726074
0.5943261981010437 1.2544374465942383
0.6017581820487976 1.2270400524139404
0.5983377695083618 1.2585686445236206
0.6194853782653809 1.2969692945480347
0.6026029586791992 1.2602827548980713
0.6252822875976562 1.3425382375717163
0.5058924555778503 1.230525016784668
0.5861946940422058 1.2420101165771484
0.5905863642692566 1.181490421295166
0.5984146595001221 1.2844233512878418
0.600601315498352 1.2425276041030884
0.6229808330535889 1.3211466073989868
0.6271660923957825 1.2671383619308472
0.611576497554779 1.227132797241211
0.6161558628082275 1.2630265951156616
0.6009146571159363 1.2782584428787231
0.644567608833313 1.2387690544128418
0.6328490376472473 1.269710659980774
0.6514756679534912 1.266323208808899
0.6470487713813782 1.2473784685134888
0.6442014575004578 1.2610642910003662
0.6341224908828735 1.299759030342102
0.6317536234855652 1.303056240081787
0.6400353312492371 1.3213921785354614
0.6753273606300354 1.298366904258728
0.6500812768936157 1.2918806076049805
0.604579508304596 1.2388101816177368
0.6058482527732849 1.2883763313293457
0.6534541249275208 1.2875235080718994
0.5999402403831482 1.366050362586975
0.606935977935791 1.265105128288269
0.6269510984420776 1.3147594928741455
0.6749976873397827 1.3159960508346558
0.6037373542785645 1.2820030450820923
0.6218447685241699 1.220028281211853
0.6162562370300293 1.3004647493362427
0.6420166492462158 1.2605209350585938
0.5681799650192261 1.2823505401611328
0.6462676525115967 1.3221300840377808
0.6326628923416138 1.2903608083724976
0.643703043460846 1.294764518737793
0.6387417912483215 1.2823184728622437
0.6297597289085388 1.2851006984710693
0.634326696395874 1.3322463035583496
0.6366832852363586 1.286460041999817
0.6388179063796997 1.2499319314956665
0.5334476828575134 1.3456690311431885
0.5561774969100952 1.2777681350708008
0.5726922750473022 1.234008550643921
0.5867614150047302 1.29448664188385
0.5971549153327942 1.293588399887085
0.626551628112793 1.3402396440505981
0.6354857087135315 1.3195507526397705
0.6162718534469604 1.291538119316101
0.5779748558998108 1.31528639793396
0.6504682898521423 1.2734451293945312
0.6449301838874817 1.2584601640701294
0.611279308795929 1.2948689460754395
0.6260870695114136 1.3291796445846558
0.5949900150299072 1.2708778381347656
0.6068452596664429 1.273283839225769
0.6346621513366699 1.3787339925765991
0.615627110004425 1.2554112672805786
0.6446431875228882 1.2592545747756958
0.6254487037658691 1.2667725086212158
0.6028463840484619 1.3063645362854004
0.5259833931922913 1.259623408317566
0.5258219242095947 1.3329095840454102
0.6117390394210815 1.3101749420166016
0.6005843281745911 1.3146672248840332
0.5570995807647705 1.2599515914916992
0.5548220872879028 1.3317071199417114
0.5947388410568237 1.2861417531967163
0.6209020018577576 1.2416130304336548
0.5797481536865234 1.3762277364730835
0.5900583267211914 1.2827752828598022
0.5701206922531128 1.2952419519424438
0.5595375895500183 1.310727596282959
0.5508362650871277 1.231369972229004
0.5692611336708069 1.2840229272842407
0.550744891166687 1.2851935625076294
0.5783563852310181 1.2508872747421265
0.5341337323188782 1.3046987056732178
0.5489752292633057 1.3155436515808105
0.5527420043945312 1.3462753295898438
0.5669599175453186 1.2919855117797852
0.5845054388046265 1.1783429384231567
0.553977370262146 1.3104346990585327
0.5394296646118164 1.280319333076477
0.5431612730026245 1.2857998609542847
0.5578418374061584 1.2572121620178223
0.5435054898262024 1.245088815689087
0.5361759066581726 1.2693582773208618
0.5399582982063293 1.3066213130950928
0.5271669626235962 1.290232539176941
0.5099846124649048 1.3057236671447754
0.5637189149856567 1.2656320333480835
0.551415205001831 1.3130385875701904
0.5603960752487183 1.2398473024368286
0.5388211607933044 1.2667473554611206
0.5333828926086426 1.3183563947677612
0.5545006990432739 1.2570217847824097
0.5290751457214355 1.2638293504714966
0.5210722088813782 1.2429670095443726
0.5540873408317566 1.2487483024597168
0.5026676654815674 1.2882561683654785
0.5366916656494141 1.1919939517974854
0.5080928802490234 1.2592815160751343
0.49775582551956177 1.2412842512130737
0.5340214371681213 1.251696228981018
0.5061906576156616 1.2216577529907227
0.5404152274131775 1.2636724710464478
0.5304467678070068 1.2373101711273193
0.5474576354026794 1.2533788681030273
0.558448314666748 1.2341806888580322
0.5479900240898132 1.2531894445419312
0.541085958480835 1.2027442455291748
0.5460710525512695 1.2029954195022583
0.5486135482788086 1.2041877508163452
0.5484510660171509 1.1763335466384888
0.5340409874916077 1.2010369300842285
0.5665028095245361 1.160850167274475
0.5721465349197388 1.14922034740448
0.5563098192214966 1.1938912868499756
0.5366760492324829 1.1472150087356567
0.535605788230896 1.2053253650665283
0.5853114128112793 1.057495355606079
0.5810922384262085 1.0935183763504028
0.5655210614204407 1.1548291444778442
0.5437991619110107 1.1232954263687134
0.5739879012107849 1.079969882965088
0.5581061840057373 1.1694892644882202
0.5785080194473267 1.1341050863265991
0.571733832359314 1.1146118640899658
0.5531361699104309 1.1516599655151367
0.5726086497306824 1.1247069835662842
0.5551692843437195 1.148577094078064
0.5601804256439209 1.126854658126831
0.5894101858139038 1.1003066301345825
0.568917453289032 1.1018263101577759
0.5813948512077332 1.0938382148742676
0.5687103271484375 1.0550304651260376
0.5650143027305603 1.1211867332458496
0.5644230842590332 1.0753233432769775
0.584193229675293 1.0995697975158691
0.5343402028083801 1.0822844505310059
0.5865262150764465 1.0835480690002441
0.5549535751342773 1.0666539669036865
0.5523919463157654 1.0640591382980347
0.5516155362129211 1.0742125511169434
0.5685422420501709 1.0719634294509888
0.5779096484184265 1.1031135320663452
0.5507560968399048 1.073733925819397
0.5489451885223389 1.0878279209136963
0.5506881475448608 1.0657811164855957
0.5581777691841125 1.0626153945922852
0.5525643229484558 1.0683404207229614
0.554693877696991 1.0751646757125854
0.5784617066383362 1.0444575548171997
0.540765643119812 1.0383261442184448
0.5531732439994812 1.0604785680770874
0.5551320910453796 1.0280306339263916
0.5706084370613098 1.0528013706207275
0.549575924873352 1.0801217555999756
0.5597968101501465 1.0565282106399536
0.578529417514801 1.0176568031311035
0.5811328291893005 0.9677503705024719
0.5695233345031738 1.015963077545166
0.5706682801246643 1.0013906955718994
0.5916888117790222 1.0151102542877197
0.581150233745575 1.0336871147155762
0.5958751440048218 1.0067864656448364
0.5932724475860596 0.9706336259841919
0.5934379696846008 0.9909999370574951
0.5921793580055237 0.9944859147071838
0.5911821126937866 0.9675440192222595
0.5951701998710632 0.9828463196754456
0.6056275963783264 0.9694172739982605
0.5949718356132507 0.9704985618591309
0.5960598587989807 0.9641426205635071
0.5983648896217346 0.9823979735374451
0.592662513256073 0.9675363302230835
0.5920130014419556 0.9673393964767456
0.5883169770240784 0.9671115279197693
0.5931547284126282 0.9733995795249939
0.5853888988494873 0.954631507396698
0.598267674446106 0.9314876198768616
0.5785092115402222 0.9801763892173767
0.5623726844787598 0.9762141704559326
0.5749647617340088 0.9522964954376221
0.5776547789573669 0.9737382531166077
0.5745214819908142 0.9661715030670166
0.5859156847000122 0.981120765209198
0.58855140209198 0.9671792387962341
0.5921115875244141 0.9490422010421753
0.5864807367324829 0.9371854662895203
0.5810016393661499 0.9473360776901245
0.5840272903442383 0.9456753730773926
0.5779600739479065 0.9390969276428223
0.5828402042388916 0.9462960958480835
0.5916703343391418 0.9292885661125183
0.5702687501907349 0.9295499920845032
0.5903897881507874 0.9383243322372437
0.5832194089889526 0.9306173324584961
0.5852621793746948 0.928257942199707
0.5952631831169128 0.9472779035568237
0.5967537760734558 0.8917690515518188
0.6030200123786926 0.9382344484329224
0.588165283203125 0.9265164732933044
0.5908004641532898 0.9200083017349243
0.6047672629356384 0.9269009232521057
0.609067976474762 0.8892117142677307
0.6175090670585632 0.9024754762649536
0.6116341948509216 0.8917787671089172
0.6029338240623474 0.8959041833877563
0.6132236123085022 0.8897792100906372
0.6203107237815857 0.8971945643424988
0.6175488233566284 0.9004110097885132
0.6227540373802185 0.9014052748680115
0.6114023327827454 0.8834862112998962
0.6139840483665466 0.9199301600456238
0.6133068799972534 0.913519024848938
0.6022574305534363 0.9004331827163696
0.6026483178138733 0.90523761510849
0.5985188484191895 0.9113935232162476
0.600180983543396 0.9211657643318176
0.6031568646430969 0.942351222038269
0.5919390320777893 0.9367191195487976
0.5810309648513794 0.9257737398147583
0.573470950126648 0.926561176776886
0.5796527862548828 0.9235844016075134
0.5794770121574402 0.9196352958679199
0.5818250775337219 0.9180610179901123
0.5686181783676147 0.9204094409942627
0.5751580595970154 0.9286099672317505
0.567574679851532 0.925010085105896
0.5769764184951782 0.9359555244445801
0.577846348285675 0.9142825603485107
0.568444013595581 0.9369248747825623
0.5742346048355103 0.9097357392311096
0.5820366144180298 0.916068971157074
0.5794243216514587 0.91999351978302
0.5834038853645325 0.9216505885124207
0.5931823253631592 0.9091929197311401
0.5930232405662537 0.9265871047973633
0.6094926595687866 0.9035778641700745
0.5936591625213623 0.8831514120101929
0.5921890139579773 0.9106742739677429
0.6002359986305237 0.9025707244873047
0.589646577835083 0.914958655834198
0.6001496315002441 0.8928622603416443
0.6106563210487366 0.8960786461830139
0.6113145351409912 0.8722700476646423
0.6122004389762878 0.8870192766189575
0.6293261647224426 0.8867831826210022
0.6200353503227234 0.8805148005485535
0.6236059069633484 0.8684583306312561
0.621595025062561 0.8733541369438171
0.6345343589782715 0.8777574896812439
0.6142378449440002 0.8757800459861755
0.6125419735908508 0.8823030591011047
0.6092171669006348 0.8641157150268555
0.6112232804298401 0.8888627290725708
0.6094623804092407 0.8817034959793091
0.6107045412063599 0.891619086265564
0.5992445945739746 0.8800129890441895
0.6050539016723633 0.9080713391304016
###depth 3 finished!
