1.7949650287628174 0.6750692129135132
1.398512840270996 0.6938668489456177
1.1613118648529053 0.7036256194114685
1.0473641157150269 0.7080132365226746
###depth 1 finished!
3.6331536769866943 1.3886914253234863
2.8824119567871094 1.0780305862426758
2.176758050918579 0.8971537947654724
1.775649905204773 0.8087817430496216
1.4468142986297607 0.7481337785720825
1.3055334091186523 0.7207383513450623
###depth 2 finished!
2.058568000793457 1.0489622354507446
1.685876727104187 0.9351192712783813
1.3788478374481201 0.8851599097251892
1.2029175758361816 0.8385981917381287
###depth 3 finished!
