9774
9776
9782
9784
9794
9802
9808
9809
9811
9813
9814
9815
9818
9819
9820
9823
9824
9825
9826
9830
9833
9834
9835
9838
9839
9841
9842
9845
9846
9847
9852
9853
9857
9859
9861
9863
9864
9865
9867
9869
9873
9876
9878
9879
9880
9881
9882
9884
9885
9888
9889
9890
9891
9893
9895
9897
9898
9901
9906
9907
9908
9910
9911
9913
9915
9918
9921
9922
9927
9929
9930
9931
9933
9934
9935
9936
9939
9940
9942
9943
9946
9948
9952
9954
9955
9957
9959
9961
9962
9964
9965
9967
9969
9970
9971
9974
9977
9978
9979
9981
9983
9984
9986
9989
9991
9992
9993
9996
9997
10003
10005
10008
10009
10010
10011
10014
10015
10017
10020
10024
10026
10027
10028
10031
10034
10035
10036
10037
10039
10043
10050
10051
10054
10055
10056
10057
10062
10064
10065
10066
10067
10068
10070
10071
10072
10076
10078
10081
10083
10084
10085
10086
10087
10088
10089
10090
10091
10094
10095
10098
10101
10103
10104
10105
10106
10107
10108
10109
10110
10111
10113
10114
10118
10119
10120
10121
10123
10124
10126
10128
10130
10131
10132
10133
10135
10136
10139
10140
10141
10143
10146
10147
10148
10149
10150
10151
10153
10154
10157
10158
10160
10161
10162
10163
10165
10166
10167
10170
10171
10172
10173
10175
10177
10178
10181
10183
10184
10185
10188
10189
10192
10193
10195
10197
10198
10199
10200
10201
10203
10204
10205
10206
10207
10209
10210
10211
10212
10213
10214
10215
10216
10218
10219
10220
10223
10224
10225
10226
10227
10229
10230
10232
10233
10236
10239
10240
10241
10243
10244
10245
10247
10249
10250
10251
10252
10253
10254
10256
10257
10258
10259
10263
10264
10265
10268
10269
10270
10271
10272
10273
10275
10276
10278
10279
10281
10282
10283
10284
10285
10286
10287
10292
10293
10294
10296
10297
10298
10299
10300
10301
10302
10304
10305
10306
10307
10308
10309
10310
10312
10313
10314
10316
10319
10321
10322
10323
10324
10325
10326
10327
10329
10331
10332
10334
10335
10337
10338
10340
10342
10343
10344
10348
10350
10351
10353
10354
10355
10356
10358
10359
10360
10362
10364
10366
10370
10371
10372
10373
10375
10376
10377
10379
10380
10381
10382
10383
10384
10385
10388
10389
10390
10391
10392
10393
10395
10397
10400
10401
10402
10403
10404
10405
10406
10407
10408
10409
10412
10413
10416
10419
10420
10422
10423
10425
10427
10429
10430
10431
10433
10434
10435
10436
10439
10440
10441
10442
10443
10444
10446
10448
10451
10452
10453
10454
10455
10456
10457
10459
10461
10462
10464
10465
10466
10468
10469
10470
10471
10474
10475
10476
10480
10484
10485
10487
10488
10490
10491
10492
10495
10497
10498
10499
10500
10501
10502
10503
10505
10506
10507
10508
10509
10510
10512
10513
10514
10515
10516
10519
10520
10521
10522
10523
10524
10525
10526
10527
10528
10529
10532
10535
10536
10537
10539
10540
10541
10542
10543
10544
10546
10548
10549
10550
10551
10552
10554
10555
10556
10558
10559
10560
10562
10565
10568
10569
10570
10571
10572
10573
10575
10580
10582
10583
10584
10587
10588
10590
10591
10592
10593
10594
10595
10597
10599
10600
10601
10603
10604
10608
10610
10612
10614
10616
10617
10619
10620
10621
10624
10626
10627
10629
10630
10631
10632
10633
10634
10635
10636
10637
10638
10639
10641
10642
10643
10645
10646
10647
10648
10649
10650
10651
10652
10654
10655
10657
10659
10660
10661
10662
10664
10665
10667
10668
10669
10670
10671
10673
10674
10675
10677
10679
10681
10682
10683
10684
10685
10686
10687
10688
10690
10691
10692
10693
10694
10695
10696
10698
10699
10700
10702
10703
10704
10705
10706
10707
10708
10712
10713
10714
10715
10716
10717
10718
10720
10723
10724
10725
10727
10728
10732
10733
10734
10737
10739
10740
10741
10742
10743
10744
10746
10747
10748
10749
10750
10751
10752
10754
10757
10758
10759
10760
10761
10762
10763
10764
10765
10766
10769
10770
10771
10772
10773
10775
10776
10777
10779
10782
10784
10785
10789
10790
10791
10793
10794
10796
10799
10800
10801
10802
10804
10806
10808
10809
10812
10815
10816
10817
10818
10819
10820
10821
10823
10824
10825
10826
10827
10829
10830
10831
10832
10833
10835
10836
10837
10839
10840
10842
10844
10846
10847
10848
10850
10852
10853
10854
10855
10856
10857
10858
10859
10860
10861
10862
10863
10864
10865
10866
10867
10868
10870
10871
10872
10874
10875
10876
10877
10878
10879
10880
10881
10883
10884
10885
10886
10887
10888
10892
10893
10895
10896
10898
10899
10904
10905
10906
10907
10910
10915
10919
10920
10922
10923
10925
10926
10929
10930
10931
10932
10933
10937
10938
10940
10941
10943
10944
10945
10949
10950
10951
10952
10953
10954
10955
10956
10957
10958
10959
10960
10961
10962
10963
10966
10967
10969
10970
10971
10972
10973
10975
10976
10977
10981
10982
10984
10987
10988
10989
10990
10992
10993
10994
10998
10999
11000
11002
11003
11005
11006
11007
11009
11010
11011
11012
11013
11015
11016
11017
11018
11019
11021
11023
11024
11025
11026
11027
11029
11031
11032
11034
11039
11040
11041
11042
11043
11044
11045
11048
11049
11050
11052
11053
11054
11055
11059
11060
11061
11062
11063
11065
11067
11070
11071
11072
11073
11074
11076
11079
11080
11082
11083
11084
11085
11086
11087
11088
11089
11090
11091
11093
11094
11095
11096
11097
11098
11099
11100
11101
11102
11103
11104
11105
11106
11108
11110
11111
11113
11114
11115
11116
11117
11119
11120
11121
11122
11123
11124
11125
11126
11127
11128
11130
11131
11134
11138
11139
11140
11141
11142
11145
11147
11150
11151
11153
11154
11155
11157
11160
11161
11162
11163
11166
11167
11168
11169
11170
11172
11173
11174
11177
11178
11180
11181
11182
11184
11185
11186
11187
11188
11190
11191
11193
11197
11199
11200
11201
11202
11203
11205
11206
11207
11208
11211
11213
11214
11215
11216
11217
11223
11225
11226
11227
11228
11229
11230
11231
11232
11233
11234
11236
11237
11238
11239
11240
11241
11242
11243
11244
11245
11246
11248
11249
11250
11252
11253
11256
11257
11258
11259
11260
11261
11262
11263
11264
11265
11267
11269
11270
11271
11274
11275
11277
11278
11279
11280
11281
11283
11287
11288
11289
11290
11292
11293
11294
11295
11296
11297
11299
11300
11301
11302
11303
11304
11305
11306
11307
11309
11310
11311
11312
11316
11317
11319
11321
11323
11324
11328
11330
11331
11332
11333
11334
11335
11338
11342
11344
11345
11346
11349
11350
11352
11353
11354
11355
11356
11357
11358
11359
11361
11362
11363
11364
11365
11366
11367
11368
11369
11370
11372
11373
11374
11375
11376
11377
11378
11379
11380
11381
11383
11385
11386
11388
11389
11390
11392
11394
11396
11397
11398
11399
11400
11402
11403
11407
11408
11409
11411
11412
11413
11417
11418
11419
11420
11424
11425
11426
11430
11431
11432
11433
11434
11436
11437
11438
11440
11441
11442
11443
11444
11445
11446
11447
11449
11450
11451
11452
11453
11454
11455
11456
11457
11458
11459
11460
11461
11462
11463
11464
11467
11468
11469
11470
11472
11473
11474
11475
11476
11478
11479
11481
11483
11484
11485
11486
11488
11489
11491
11494
11495
11496
11497
11499
11503
11506
11507
11508
11509
11511
11513
11514
11517
11518
11520
11522
11523
11524
11525
11526
11527
11528
11529
11531
11532
11533
11534
11535
11536
11537
11538
11539
11540
11541
11542
11543
11544
11545
11546
11547
11548
11550
11551
11552
11554
11555
11556
11557
11559
11561
11562
11563
11564
11567
11569
11570
11571
11574
11576
11577
11580
11582
11584
11585
11586
11587
11588
11589
11590
11591
11592
11593
11594
11595
11596
11598
11599
11600
11601
11603
11604
11605
11607
11608
11609
11611
11612
11613
11614
11615
11616
11618
11619
11620
11621
11622
11623
11624
11625
11626
11627
11629
11630
11631
11632
11633
11636
11637
11638
11639
11640
11641
11642
11643
11644
11648
11650
11651
11652
11653
11654
11655
11658
11659
11661
11662
11664
11665
11666
11667
11670
11672
11673
11674
11675
11677
11678
11680
11681
11686
11687
11688
11689
11691
11692
11694
11695
11696
11697
11699
11701
11702
11705
11708
11709
11710
11711
11712
11714
11715
11716
11717
11718
11719
11723
11724
11725
11726
11727
11729
11730
11731
11732
11733
11734
11735
11737
11738
11739
11740
11743
11744
11745
11746
11747
11748
11749
11750
11751
11752
11753
11754
11755
11757
11758
11759
11760
11762
11764
11765
11767
11768
11769
11770
11771
11772
11773
11774
11776
11778
11779
11780
11782
11783
11785
11787
11789
11791
11794
11795
11798
11799
11800
11801
11802
11804
11805
11806
11808
11809
11810
11812
11813
11814
11816
11817
11818
11820
11822
11823
11826
11828
11829
11830
11831
11832
11833
11835
11836
11837
11838
11839
11840
11841
11842
11843
11844
11845
11846
11847
11848
11850
11852
11854
11856
11857
11858
11859
11860
11861
11862
11863
11864
11865
11866
11867
11869
11870
11871
11872
11873
11874
11876
11878
11879
11880
11881
11882
11884
11885
11886
11887
11888
11891
11892
11893
11894
11895
11896
11897
11898
11899
11900
11902
11904
11905
11906
11907
11908
11909
11910
11912
11913
11914
11917
11918
11919
11921
11923
11924
11925
11926
11927
11929
11931
11932
11934
11935
11936
11937
11938
11939
11940
11941
11943
11944
11945
11946
11947
11949
11950
11951
11952
11955
11956
11957
11958
11960
11961
11962
11963
11965
11967
11968
11970
11971
11972
11974
11976
11977
11978
11979
11981
11982
11984
11986
11988
11989
11992
11993
11994
11995
11996
11997
11998
12000
12001
12002
12003
12005
12007
12008
12010
12012
12013
12015
12016
12017
12018
12019
12021
12022
12024
12025
12026
12027
12028
12030
12031
12033
12034
12035
12036
12037
12041
12042
12043
12046
12047
12049
12051
12052
12053
12054
12056
12057
12058
12059
12060
12061
12062
12064
12066
12067
12070
12071
12072
12073
12074
12075
12077
12078
12080
12083
12085
12086
12088
12090
12092
12093
12094
12096
12097
12098
12099
12100
12101
12102
12103
12104
12105
12106
12108
12109
12110
12111
12113
12114
12115
12116
12117
12118
12119
12120
12121
12122
12123
12124
12125
12126
12128
12130
12132
12134
12135
12137
12138
12140
12142
12143
12144
12145
12146
12148
12149
12150
12152
12153
12156
12157
12158
12159
12160
12162
12163
12164
12165
12166
12167
12168
12169
12170
12171
12173
12175
12177
12178
12179
12181
12182
12183
12184
12186
12187
12188
12190
12192
12194
12195
12197
12198
12199
12200
12201
12202
12203
12204
12205
12206
12207
12209
12210
12211
12212
12213
12214
12215
12216
12217
12219
12222
12223
12224
12226
12228
12229
12230
12234
12235
12236
12237
12238
12239
12240
12241
12247
12249
12250
12251
12252
12253
12255
12256
12257
12258
12259
12260
12261
12262
12264
12265
12266
12267
12269
12270
12272
12274
12276
12278
12279
12280
12281
12282
12284
12285
12286
12287
12288
12291
12292
12294
12298
12300
12301
12303
12304
12306
12307
12308
12309
12310
12311
12312
12313
12314
12316
12317
12318
12319
12320
12321
12322
12323
12324
12325
12326
12327
12329
12330
12332
12334
12335
12336
12337
12338
12340
12342
12344
12345
12347
12348
12349
12350
12352
12353
12354
12355
12356
12357
12359
12360
12361
12362
12363
12364
12365
12367
12368
12369
12370
12371
12373
12377
12378
12379
12380
12381
12382
12384
12385
12386
12387
12388
12391
12392
12394
12396
12399
12402
12404
12406
12408
12409
12412
12413
12415
12416
12419
12420
12421
12422
12423
12424
12426
12427
12428
12430
12431
12432
12433
12435
12436
12437
12439
12440
12442
12443
12444
12445
12446
12447
12448
12449
12452
12453
12454
12457
12458
12459
12462
12463
12464
12465
12466
12467
12468
12470
12471
12472
12473
12474
12476
12477
12478
12479
12480
12481
12483
12484
12487
12488
12489
12490
12491
12492
12494
12495
12496
12497
12498
12499
12500
12502
12503
12505
12507
12511
12512
12513
12514
12516
12517
12518
12520
12522
12523
12524
12525
12526
12528
12529
12530
12531
12533
12534
12535
12536
12537
12538
12539
12540
12542
12543
12545
12546
12549
12550
12552
12553
12554
12555
12556
12557
12558
12559
12561
12563
12564
12566
12567
12568
12569
12571
12572
12573
12575
12576
12579
12580
12581
12582
12583
12584
12585
12586
12587
12588
12589
12590
12592
12593
12594
12595
12596
12597
12598
12602
12606
12607
12610
12612
12613
12614
12615
12616
12617
12618
12621
12622
12623
12624
12625
12626
12627
12628
12630
12631
12632
12634
12637
12638
12639
12640
12643
12644
12645
12646
12647
12649
12652
12653
12654
12655
12656
12657
12658
12660
12661
12662
12663
12664
12667
12668
12669
12671
12673
12674
12675
12677
12678
12679
12680
12682
12684
12686
12687
12689
12691
12693
12697
12699
12700
12701
12703
12704
12706
12707
12708
12710
12711
12712
12713
12714
12719
12720
12721
12722
12724
12725
12726
12727
12728
12729
12731
12732
12733
12734
12735
12736
12737
12738
12739
12741
12742
12743
12744
12745
12746
12747
12748
12750
12751
12753
12754
12755
12756
12757
12758
12759
12760
12761
12762
12763
12764
12765
12766
12767
12768
12773
12774
12776
12777
12778
12780
12782
12783
12784
12785
12786
12787
12789
12790
12791
12792
12793
12795
12796
12797
12800
12801
12802
12804
12805
12806
12807
12811
12812
12813
12814
12816
12817
12818
12821
12824
12825
12826
12827
12829
12831
12832
12836
12838
12839
12841
12846
12848
12850
12851
12855
12856
12857
12858
12859
12861
12862
12863
12864
12865
12867
12868
12870
12871
12872
12873
12874
12875
12876
12877
12878
12879
12880
12882
12883
12884
12885
12887
12891
12892
12893
12894
12895
12896
12898
12899
12900
12902
12903
12904
12905
12906
12907
12908
12909
12910
12912
12913
12915
12918
12919
12920
12924
12925
12926
12927
12928
12929
12933
12936
12937
12938
12941
12942
12943
12944
12946
12947
12948
12949
12954
12955
12956
12957
12959
12960
12961
12962
12963
12964
12966
12967
12968
12969
12970
12971
12972
12973
12974
12976
12977
12978
12979
12981
12982
12983
12984
12985
12987
12988
12991
12993
12995
12996
12997
12998
12999
13000
13001
13002
13004
13006
13007
13008
13009
13010
13011
13012
13013
13015
13016
13017
13018
13019
13020
13021
13022
13023
13024
13026
13027
13028
13029
13030
13031
13032
13035
13038
13041
13043
13044
13045
13046
13052
13054
13055
13056
13057
13059
13062
13064
13066
13067
13068
13069
13070
13071
13073
13074
13076
13077
13078
13079
13082
13083
13084
13086
13087
13088
13089
13090
13091
13093
13098
13099
13100
13101
13103
13104
13105
13106
13107
13109
13111
13112
13114
13115
13117
13118
13121
13122
13123
13124
13125
13126
13128
13129
13131
13132
13133
13135
13136
13137
13138
13139
13140
13141
13142
13143
13144
13145
13146
13149
13151
13152
13155
13156
13157
13158
13159
13160
13161
13162
13164
13167
13168
13169
13170
13171
13172
13173
13176
13177
13178
13179
13180
13182
13183
13185
13187
13188
13189
13190
13191
13193
13194
13195
13198
13199
13200
13202
13203
13204
13205
13206
13207
13208
13209
13210
13211
13212
13213
13214
13215
13217
13218
13221
13222
13223
13226
13227
13228
13229
13231
13233
13234
13235
13236
13237
13239
13240
13241
13242
13243
13244
13245
13246
13248
13250
13251
13252
13254
13255
13256
13258
13259
13260
13261
13263
13265
13266
13268
13269
13270
13272
13273
13274
13275
13276
13277
13278
13279
13280
13281
13282
13283
13285
13286
13287
13288
13289
13290
13291
13292
13295
13296
13297
13298
13299
13300
13301
13304
13305
13306
13307
13310
13311
13312
13313
13316
13317
13318
13320
13321
13322
13323
13324
13325
13326
13328
13329
13330
13331
13332
13333
13336
13337
13338
13343
13345
13346
13349
13351
13352
13354
13357
13358
13359
13360
13361
13364
13365
13368
13369
13371
13372
13374
13376
13378
13379
13381
13384
13385
13387
13388
13392
13393
13394
13397
13398
13399
13400
13401
13402
13403
13404
13405
13407
13408
13410
13411
13412
13414
13415
13416
13417
13420
13422
13423
13425
13428
13432
13434
13435
13436
13437
13438
13439
13440
13441
13442
13443
13444
13445
13446
13447
13448
13449
13451
13452
13453
13454
13455
13457
13458
13459
13464
13465
13466
13468
13469
13470
13471
13472
13473
13474
13475
13476
13477
13478
13479
13480
13481
13482
13483
13484
13485
13486
13487
13490
13491
13493
13494
13495
13498
13499
13500
13501
13502
13504
13505
13506
13507
13511
13512
13513
13514
13515
13516
13517
13518
13519
13521
13522
13523
13525
13526
13527
13529
13531
13533
13534
13537
13538
13540
13541
13542
13543
13544
13545
13546
13547
13548
13549
13550
13551
13552
13553
13555
13556
13557
13558
13560
13561
13562
13564
13566
13568
13569
13571
13572
13573
13574
13575
13576
13577
13578
13579
13580
13581
13582
13583
13584
13586
13587
13588
13591
13594
13595
13596
13597
13599
13600
13601
13602
13603
13604
13605
13606
13608
13609
13610
13611
13612
13615
13616
13617
13618
13619
13620
13621
13623
13624
13625
13628
13630
13631
13632
13633
13639
13640
13641
13642
13643
13644
13646
13647
13648
13649
13650
13651
13653
13654
13655
13656
13657
13659
13661
13662
13663
13665
13668
13673
13674
13675
13676
13677
13678
13679
13682
13683
13684
13685
13688
13689
13690
13691
13692
13693
13694
13696
13697
13699
13700
13701
13703
13704
13705
13706
13708
13709
13712
13713
13714
13715
13716
13717
13718
13719
13721
13722
13723
13725
13726
13728
13729
13730
13731
13732
13733
13734
13735
13737
13738
13739
13740
13742
13743
13746
13747
13748
13749
13750
13751
13752
13754
13755
13756
13757
13758
13759
13760
13761
13763
13764
13765
13766
13769
13771
13775
13776
13779
13785
13786
13787
13789
13790
13791
13792
13795
13797
13798
13799
13800
13801
13802
13803
13804
13807
13808
13809
13811
13812
13814
13815
13817
13819
13820
13821
13822
13823
13824
13825
13826
13828
13829
13830
13833
13835
13836
13837
13838
13839
13840
13841
13842
13844
13845
13846
13848
13849
13852
13853
13856
13857
13858
13859
13860
13862
13863
13865
13866
13867
13869
13870
13872
13873
13874
13876
13878
13879
13880
13881
13882
13883
13885
13887
13888
13890
13891
13892
13893
13896
13899
13902
13906
13908
13910
13911
13912
13915
13917
13918
13920
13923
13924
13925
13926
13927
13928
13929
13930
13931
13932
13933
13934
13935
13936
13937
13938
13939
13940
13942
13943
13945
13946
13947
13949
13950
13951
13952
13953
13957
13959
13961
13962
13963
13964
13965
13966
13969
13970
13971
13972
13973
13975
13976
13979
13980
13981
13982
13983
13984
13987
13988
13989
13992
13993
13994
13995
13996
13998
13999
14000
14003
14004
14005
14006
14007
14008
14009
14010
14011
14013
14015
14016
14019
14021
14022
14024
14025
14026
14027
14028
14029
14031
14034
14035
14036
14040
14041
14042
14043
14044
14045
14047
14048
14049
14051
14053
14054
14055
14056
14057
14058
14059
14060
14061
14062
14063
14064
14065
14066
14067
14068
14069
14070
14071
14075
14076
14077
14079
14080
14081
14082
14085
14086
14088
14090
14092
14093
14095
14097
14101
14102
14103
14105
14106
14107
14109
14110
14112
14113
14114
14115
14116
14117
14118
14119
14120
14122
14123
14124
14125
14126
14127
14128
14129
14130
14132
14134
14135
14136
14138
14139
14141
14144
14145
14147
14148
14149
14150
14152
14153
14154
14155
14158
14159
14162
14163
14164
14165
14167
14169
14170
14172
14173
14174
14175
14178
14180
14181
14183
14184
14185
14186
14187
14188
14191
14192
14194
14195
14197
14198
14199
14202
14206
14207
14211
14212
14213
14214
14215
14216
14217
14218
14220
14222
14223
14224
14225
14226
14228
14229
14231
14232
14234
14235
14237
14238
14239
14240
14242
14244
14245
14246
14248
14250
14251
14253
14254
14258
14261
14263
14265
14267
14268
14269
14270
14271
14274
14275
14276
14277
14278
14279
14280
14281
14282
14283
14284
14285
14286
14287
14288
14290
14292
14293
14294
14295
14298
14302
14304
14305
14306
14308
14309
14310
14312
14314
14315
14316
14317
14320
14322
14323
14325
14326
14328
14330
14331
14332
14333
14335
14337
14340
14341
14342
14344
14345
14347
14348
14353
14354
14356
14357
14358
14359
14360
14361
14362
14364
14365
14367
14369
14370
14371
14373
14374
14375
14376
14377
14380
14381
14383
14384
14385
14386
14387
14388
14390
14392
14393
14394
14395
14396
14397
14398
14399
14401
14403
14404
14407
14408
14410
14412
14414
14415
14417
14418
14419
14420
14421
14422
14423
14425
14426
14430
14431
14433
14436
14437
14438
14440
14442
14443
14444
14445
14446
14447
14448
14450
14451
14452
14453
14454
14455
14456
14457
14459
14460
14462
14463
14465
14466
14467
14468
14469
14470
14471
14473
14474
14475
14476
14477
14478
14479
14480
14481
14482
14483
14484
14485
14490
14491
14492
14495
14496
14497
14498
14499
14500
14501
14502
14505
14506
14507
14508
14510
14511
14512
14515
14516
14518
14519
14521
14522
14523
14524
14525
14529
14530
14531
14532
14533
14535
14536
14538
14539
14543
14544
14545
14546
14550
14551
14552
14553
14554
14555
14556
14557
14558
14559
14560
14562
14563
14565
14566
14567
14568
14571
14573
14575
14578
14579
14580
14581
14583
14585
14586
14587
14589
14590
14591
14592
14593
14595
14597
14599
14600
14601
14602
14603
14604
14605
14607
14608
14609
14612
14613
14614
14616
14617
14618
14619
14620
14621
14622
14623
14624
14625
14626
14627
14628
14631
14632
14633
14634
14635
14637
14638
14639
14640
14641
14642
14643
14647
14648
14649
14650
14651
14652
14653
14654
14657
14658
14660
14662
14663
14665
14667
14668
14669
14671
14675
14676
14677
14680
14681
14682
14683
14686
14687
14688
14689
14690
14695
14698
14699
14702
14703
14704
14705
14707
14709
14710
14713
14715
14716
14718
14721
14722
14723
14724
14726
14727
14729
14732
14733
14735
14736
14737
14741
14742
14744
14746
14747
14748
14750
14751
14752
14754
14756
14757
14758
14760
14761
14762
14764
14765
14768
14770
14776
14777
14779
14780
14781
14782
14783
14785
14789
14791
14792
14793
14796
14797
14798
14799
14800
14801
14802
14803
14809
14810
14811
14812
14813
14815
14816
14817
14818
14819
14820
14821
14823
14824
14825
14826
14827
14828
14829
14831
14832
14833
14834
14836
14837
14839
14840
14841
14842
14843
14845
14846
14849
14851
14852
14854
14855
14856
14857
14858
14859
14860
14861
14862
14864
14865
14868
14869
14870
14871
14874
14877
14878
14879
14881
14882
14885
14886
14887
14889
14890
14891
14892
14893
14894
14896
14897
14898
14899
14900
14901
14902
14903
14904
14905
14907
14908
14909
14910
14911
14912
14914
14915
14917
14919
14921
14922
14923
14924
14926
14928
14931
14934
14937
14939
14940
14941
14942
14943
14945
14946
14947
14950
14952
14953
14954
14955
14956
14959
14961
14964
14965
14966
14968
14969
14970
14971
14972
14973
14974
14975
14976
14978
14979
14980
14981
14982
14985
14987
14988
14989
14990
14991
14992
14995
14996
14997
14998
14999
15000
15001
15002
15003
15004
15005
15006
15007
15008
15010
15012
15013
15016
15018
15019
15020
15021
15022
15024
15025
15026
15028
15029
15030
15031
15034
15035
15036
15037
15038
15040
15041
15042
15044
15045
15046
15047
15048
15049
15050
15051
15052
15053
15054
15055
15057
15058
15060
15062
15063
15064
15065
15066
15067
15070
15071
15072
15073
15074
15075
15077
15078
15079
15081
15082
15083
15085
15086
15087
15088
15089
15090
15091
15092
15093
15095
15096
15097
15098
15099
15100
15101
15102
15103
15104
15105
15108
15109
15110
15112
15113
15114
15115
15117
15118
15119
15120
15121
15122
15125
15127
15128
15130
15133
15134
15136
15137
15139
15140
15141
15142
15145
15146
15147
15148
15151
15153
15154
15155
15156
15159
15161
15162
15163
15164
15167
15168
15169
15171
15172
15174
15176
15178
15179
15180
15181
15182
15183
15184
15187
15188
15189
15190
15191
15192
15193
15196
15197
15198
15200
15201
15202
15204
15205
15206
15207
15208
15209
15210
15213
15214
15216
15218
15219
15220
15221
15222
15223
15224
15225
15226
15230
15231
15232
15234
15235
15236
15237
15238
15239
15240
15241
15242
15243
15245
15247
15250
15252
15253
15254
15259
15260
15261
15262
15263
15264
15266
15267
15268
15269
15271
15272
15273
15274
15275
15276
15277
15278
15281
15282
15283
15284
15285
15287
15288
15289
15290
15291
15293
15294
15297
15298
15299
15300
15301
15302
15303
15304
15305
15306
15307
15308
15309
15311
15312
15314
15315
15319
15320
15321
15322
15323
15324
15325
15326
15328
15329
15331
15333
15335
15339
15340
15342
15343
15346
15347
15348
15349
15350
15351
15352
15353
15355
15356
15357
15360
15361
15362
15363
15364
15368
15370
15371
15372
15373
15375
15376
15377
15378
15382
15384
15385
15386
15390
15391
15395
15398
15399
15400
15401
15402
15403
15405
15406
15407
15408
15409
15411
15414
15415
15416
15418
15420
15421
15426
15428
15429
15430
15431
15432
15434
15435
15436
15437
15438
15440
15442
15443
15444
15446
15447
15448
15449
15450
15453
15455
15456
15457
15458
15459
15461
15462
15464
15465
15466
15467
15468
15469
15470
15472
15473
15475
15476
15478
15479
15481
15483
15484
15485
15486
15487
15488
15490
15491
15492
15493
15494
15495
15496
15498
15500
15501
15503
15504
15505
15506
15508
15509
15510
15511
15513
15514
15516
15519
15520
15521
15522
15523
15524
15525
15530
15531
15533
15534
15535
15536
15538
15540
15541
15542
15544
15545
15546
15547
15549
15550
15551
15552
15553
15554
15556
15557
15559
15560
15561
15562
15564
15565
15566
15567
15568
15570
15571
15572
15573
15574
15575
15577
15578
15579
15583
15584
15585
15588
15589
15590
15591
15592
15594
15596
15597
15598
15599
15600
15601
15603
15604
15605
15606
15608
15609
15610
15611
15612
15613
15614
15615
15616
15618
15619
15620
15623
15624
15625
15626
15627
15629
15631
15633
15634
15635
15637
15638
15639
15640
15641
15642
15643
15644
15645
15646
15647
15648
15649
15650
15651
15654
15655
15656
15659
15660
15662
15663
15664
15665
15666
15668
15671
15676
15677
15678
15679
15680
15681
15682
15683
15685
15689
15691
15692
15693
15694
15695
15696
15698
15700
15701
15702
15704
15707
15708
15709
15710
15711
15712
15713
15714
15715
15716
15717
15719
15721
15722
15723
15724
15726
15727
15728
15729
15730
15732
15734
15735
15736
15737
15738
15739
15740
15741
15744
15745
15748
15749
15750
15752
15756
15757
15758
15760
15761
15762
15763
15765
15767
15768
15769
15770
15771
15772
15773
15774
15776
15777
15778
15780
15783
15785
15786
15788
15789
15791
15792
15793
15794
15795
15796
15797
15798
15799
15800
15802
15803
15804
15806
15807
15808
15809
15810
15811
15813
15819
15821
15822
15823
15824
15825
15826
15827
15828
15831
15833
15834
15836
15838
15839
15840
15841
15842
15843
15845
15847
15849
15851
15852
15854
15855
15856
15857
15858
15860
15861
15863
15864
15865
15866
15867
15868
15870
15872
15873
15874
15875
15877
15878
15880
15881
15882
15883
15884
15885
15886
15887
15889
15891
15892
15893
15894
15895
15896
15898
15899
15900
15903
15906
15909
15911
15913
15914
15915
15916
15919
15920
15921
15922
15923
15924
15925
15926
15927
15928
15933
15936
15937
15938
15939
15940
15941
15942
15943
15944
15945
15947
15949
15951
15952
15953
15954
15955
15956
15957
15960
15963
15964
15966
15967
15969
15970
15971
15972
15973
15974
15975
15976
15977
15978
15979
15980
15981
15982
15984
15985
15986
15988
15989
15992
15993
15994
15995
15998
15999
16000
16001
16002
16003
16004
16008
16009
16010
16011
16013
16014
16015
16016
16019
16020
16021
16023
16024
16026
16028
16029
16030
16031
16032
16033
16034
16035
16036
16037
16040
16043
16044
16045
16046
16048
16051
16054
16055
16056
16057
16058
16060
16061
16064
16065
16066
16067
16069
16070
16071
16073
16075
16076
16078
16080
16081
16082
16083
16084
16085
16086
16087
16088
16089
16092
16093
16094
16096
16097
16098
16100
16101
16102
16103
16104
16106
16107
16109
16110
16112
16113
16115
16117
16118
16120
16121
16122
16123
16124
16125
16126
16127
16128
16129
16131
16134
16136
16138
16140
16142
16143
16144
16145
16146
16147
16148
16149
16150
16151
16152
16153
16154
16156
16157
16158
16161
16162
16163
16165
16167
16169
16171
16172
16175
16176
16177
16178
16179
16180
16181
16182
16183
16184
16185
16186
16187
16188
16190
16192
16193
16194
16195
16197
16198
16200
16201
16205
16208
16209
16210
16211
16213
16214
16215
16217
16219
16220
16221
16222
16223
16224
16227
16228
16229
16230
16231
16233
16235
16236
16237
16241
16242
16243
16244
16245
16247
16248
16249
16250
16251
16252
16253
16254
16255
16256
16257
16260
16263
16264
16265
16266
16268
16270
16271
16274
16275
16276
16277
16278
16281
16282
16283
16284
16287
16288
16292
16293
16294
16295
16296
16297
16298
16299
16300
16302
16303
16304
16305
16308
16310
16311
16312
16313
16314
16315
16316
16318
16319
16321
16322
16325
16326
16327
16328
16329
16330
16331
16332
16333
16334
16335
16340
16341
16342
16343
16344
16345
16346
16347
16348
16349
16350
16352
16354
16355
16356
16357
16358
16359
16360
16361
16362
16363
16364
16365
16366
16367
16368
16370
16371
16373
16375
16376
16378
16379
16380
16381
16383
16384
16385
16386
16387
16388
16389
16390
16391
16392
16393
16395
16396
16397
16399
16401
16402
16405
16406
16407
16409
16410
16411
16412
16413
16414
16415
16416
16417
16418
16420
16424
16425
16426
16427
16428
16429
16430
16431
16434
16435
16436
16438
16439
16440
16443
16444
16445
16446
16447
16448
16451
16452
16453
16455
16456
16457
16458
16459
16460
16461
16462
16463
16465
16466
16467
16468
16470
16473
16477
16478
16480
16482
16483
16485
16486
16488
16491
16493
16494
16495
16496
16497
16498
16499
16500
16501
16502
16503
16505
16506
16508
16509
16511
16512
16513
16514
16516
16517
16518
16519
16521
16522
16523
16525
16526
16527
16528
16529
16530
16531
16533
16534
16535
16537
16538
16540
16541
16542
16543
16544
16545
16546
16547
16548
16549
16550
16552
16554
16556
16557
16560
16561
16564
16565
16567
16569
16570
16573
16576
16578
16579
16580
16582
16583
16584
16585
16586
16587
16589
16590
16591
16592
16593
16595
16596
16597
16598
16600
16601
16603
16604
16605
16606
16607
16608
16610
16613
16617
16618
16620
16621
16622
16624
16625
16626
16627
16629
16631
16632
16633
16635
16637
16638
16639
16641
16645
16646
16648
16649
16650
16652
16653
16654
16656
16658
16659
16660
16664
16665
16666
16667
16668
16669
16670
16674
16676
16677
16679
16681
16682
16683
16684
16685
16686
16687
16688
16689
16690
16691
16692
16694
16697
16698
16699
16700
16701
16702
16703
16704
16705
16706
16709
16712
16714
16715
16716
16717
16718
16719
16720
16721
16722
16723
16724
16725
16727
16728
16729
16730
16731
16733
16734
16735
16737
16739
16740
16741
16742
16743
16744
16746
16747
16748
16749
16752
16754
16756
16759
16763
16764
16765
16766
16768
16770
16772
16773
16774
16775
16776
16777
16778
16779
16780
16781
16782
16783
16785
16787
16789
16790
16791
16793
16794
16797
16798
16800
16801
16802
16804
16805
16806
16807
16809
16810
16812
16813
16814
16815
16816
16817
16819
16820
16822
16823
16824
16826
16827
16829
16830
16832
16833
16834
16836
16838
16841
16843
16844
16845
16847
16851
16853
16857
16859
16862
16863
16864
16865
16866
16868
16869
16870
16871
16872
16873
16877
16878
16879
16880
16881
16882
16883
16884
16885
16887
16889
16892
16894
16896
16901
16902
16904
16905
16906
16908
16909
16910
16911
16912
16914
16915
16916
16918
16921
16922
16923
16924
16925
16926
16928
16929
16930
16931
16932
16934
16935
16936
16937
16938
16939
16940
16941
16943
16944
16945
16947
16948
16949
16950
16951
16952
16953
16955
16956
16958
16959
16960
16961
16962
16964
16965
16966
16967
16968
16970
16972
16974
16975
16976
16977
16980
16981
16982
16983
16985
16986
16987
16988
16989
16991
16993
16994
16996
16997
16998
16999
17000
17001
17003
17004
17005
17006
17007
17010
17011
17012
17013
17016
17017
17018
17019
17020
17021
17022
17023
17024
17025
17026
17027
17029
17030
17031
17032
17033
17034
17035
17036
17037
17038
17042
17043
17044
17045
17046
17047
17048
17050
17051
17053
17054
17056
17057
17059
17061
17063
17064
17066
17068
17069
17070
17071
17072
17073
17074
17075
17076
17077
17080
17081
17084
17085
17087
17088
17089
17090
17092
17093
17097
17098
17099
17100
17101
17102
17105
17106
17107
17109
17110
17111
17113
17114
17115
17116
17118
17119
17120
17122
17123
17124
17126
17127
17128
17129
17130
17131
17133
17134
17136
17137
17138
17139
17143
17146
17147
17149
17150
17151
17153
17155
17158
17159
17160
17164
17165
17166
17168
17169
17170
17171
17172
17173
17174
17175
17176
17177
17178
17179
17180
17181
17182
17183
17184
17187
17188
17189
17190
17191
17192
17193
17194
17195
17196
17197
17198
17199
17201
17202
17203
17205
17206
17208
17209
17210
17211
17214
17215
17217
17219
17220
17221
17222
17224
17225
17226
17227
17228
17229
17233
17236
17237
17239
17241
17242
17243
17244
17245
17246
17248
17249
17250
17251
17253
17255
17261
17262
17264
17265
17266
17267
17269
17271
17272
17273
17274
17275
17276
17277
17279
17280
17281
17282
17284
17285
17287
17292
17294
17295
17297
17298
17299
17300
17301
17302
17303
17304
17306
17308
17309
17310
17312
17313
17315
17316
17317
17318
17319
17320
17323
17324
17326
17327
17328
17329
17331
17332
17333
17334
17335
17336
17337
17338
17339
17344
17347
17348
17349
17351
17354
17355
17356
17358
17360
17361
17363
17364
17365
17366
17368
17370
17371
17372
17374
17375
17376
17377
17378
17379
17380
17382
17383
17384
17387
17388
17389
17390
17392
17394
17395
17396
17397
17399
17400
17401
17402
17403
17404
17405
17406
17409
17411
17412
17415
17416
17418
17419
17420
17421
17422
17423
17424
17426
17427
17428
17429
17432
17433
17434
17437
17438
17439
17440
17441
17442
17443
17445
17446
17447
17451
17453
17454
17456
17458
17461
17462
17463
17464
17467
17469
17470
17471
17474
17475
17476
17477
17478
17480
17481
17483
17487
17488
17489
17492
17493
17494
17495
17496
17497
17499
17500
17502
17505
17508
17510
17511
17512
17513
17515
17516
17518
17519
17520
17521
17522
17523
17524
17525
17526
17529
17530
17535
17537
17538
17539
17540
17541
17542
17548
17549
17550
17551
17553
17554
17557
17560
17561
17562
17566
17571
17572
17573
17577
17578
17580
17581
17582
17583
17584
17585
17587
17590
17592
17593
17596
17597
17599
17600
17601
17603
17604
17605
17606
17609
17612
17613
17616
17618
17619
17620
17621
17622
17623
17624
17627
17628
17629
17632
17634
17636
17637
17638
17640
17641
17642
17644
17645
17646
17648
17649
17651
17653
17656
17657
17659
17660
17662
17664
17665
17666
17667
17670
17671
17672
17673
17674
17675
17676
17677
17680
17681
17682
17684
17685
17687
17688
17689
17690
17693
17698
17700
17701
17702
17703
17706
17708
17709
17713
17714
17715
17716
17717
17718
17719
17722
17723
17724
17725
17726
17727
17728
17729
17730
17731
17734
17736
17739
17741
17742
17743
17744
17745
17746
17747
17748
17749
17750
17751
17753
17755
17756
17757
17758
17760
17761
17762
17763
17764
17765
17766
17767
17768
17770
17771
17772
17773
17774
17775
17779
17780
17781
17782
17785
17788
17789
17792
17793
17794
17795
17796
17797
17799
17800
17801
17802
17803
17804
17807
17809
17810
17811
17812
17813
17814
17815
17816
17817
17818
17819
17820
17821
17822
17823
17824
17825
17826
17828
17829
17830
17831
17833
17835
17837
17838
17839
17841
17842
17845
17846
17847
17848
17849
17850
17854
17855
17856
17858
17859
17860
17861
17862
17863
17864
17865
17867
17869
17870
17871
17872
17874
17875
17876
17877
17879
17880
17881
17884
17885
17886
17888
17889
17892
17894
17895
17896
17899
17900
17901
17903
17906
17907
17909
17910
17911
17912
17915
17917
17920
17921
17923
17924
17926
17927
17928
17929
17930
17931
17932
17933
17934
17935
17936
17937
17938
17939
17940
17943
17944
17946
17947
17948
17949
17950
17952
17953
17954
17955
17956
17958
17959
17960
17961
17962
17963
17964
17965
17966
17969
17970
17972
17973
17976
17977
17978
17982
17983
17984
17988
17989
17991
17993
17994
17995
17997
17998
18003
18005
18008
18009
18011
18013
18014
18016
18017
18021
18022
18025
18026
18028
18029
18031
18032
18033
18034
18035
18036
18038
18039
18040
18041
18042
18043
18044
18045
18046
18048
18050
18051
18052
18053
18054
18055
18058
18059
18060
18064
18065
18066
18067
18068
18069
18070
18071
18072
18073
18080
18083
18084
18086
18087
18089
18091
18093
18094
18095
18096
18097
18098
18099
18100
18103
18104
18105
18107
18109
18112
18114
18117
18118
18119
18120
18121
18122
18125
18126
18127
18130
18132
18133
18135
18136
18138
18139
18140
18141
18144
18145
18146
18152
18153
18154
18155
18156
18157
18159
18160
18162
18163
18165
18166
18169
18170
18171
18172
18173
18174
18175
18177
18178
18181
18184
18185
18186
18187
18188
18189
18190
18191
18192
18193
18194
18196
18197
18198
18199
18200
18201
18202
18203
18206
18208
18209
18211
18212
18214
18216
18217
18218
18221
18222
18223
18224
18225
18226
18227
18228
18229
18230
18232
18234
18235
18236
18237
18239
18240
18241
18242
18243
18245
18246
18250
18252
18253
18254
18255
18256
18258
18260
18261
18263
18264
18265
18266
18268
18271
18272
18274
18275
18276
18277
18278
18280
18281
18282
18283
18284
18285
18286
18287
18288
18289
18293
18294
18298
18300
18301
18302
18304
18305
18307
18310
18311
18313
18314
18315
18316
18317
18319
18320
18321
18322
18323
18324
18325
18326
18328
18329
18330
18331
18332
18333
18336
18337
18339
18340
18341
18345
18346
18347
18349
18350
18351
18352
18353
18357
18358
18361
18362
18363
18364
18365
18368
18369
18370
18373
18375
18376
18377
18378
18379
18380
18381
18382
18386
18389
18390
18394
18395
18396
18397
18398
18399
18400
18402
18403
18404
18405
18406
18409
18410
18411
18413
18414
18415
18416
18417
18418
18420
18421
18422
18424
18425
18426
18427
18428
18430
18433
18434
18435
18436
18438
18439
18440
18441
18442
18443
18444
18446
18447
18449
18451
18452
18453
18454
18455
18457
18458
18459
18460
18461
18462
18464
18467
18470
18471
18472
18473
18474
18475
18476
18477
18481
18482
18483
18484
18485
18487
18488
18489
18491
18494
18495
18497
18498
18499
18501
18502
18505
18506
18508
18510
18511
18512
18513
18515
18517
18518
18519
18520
18521
18522
18523
18524
18526
18528
18529
18531
18536
18538
18539
18540
18541
18543
18544
18545
18546
18547
18548
18551
18554
18555
18556
18557
18558
18560
18561
18564
18565
18567
18568
18569
18572
18573
18574
18575
18576
18577
18578
18580
18581
18582
18583
18584
18585
18586
18587
18588
18589
18590
18591
18594
18595
18598
18599
18600
18601
18603
18604
18605
18606
18607
18608
18614
18616
18617
18619
18620
18622
18623
18624
18625
18627
18629
18630
18631
18632
18633
18636
18637
18638
18639
18641
18642
18643
18644
18645
18646
18648
18649
18651
18652
18653
18656
18657
18658
18659
18660
18661
18662
18663
18664
18665
18667
18668
18670
18671
18673
18675
18676
18679
18680
18682
18683
18684
18685
18686
18687
18689
18691
18692
18694
18696
18697
18698
18699
18700
18701
18702
18703
18704
18706
18709
18710
18711
18712
18713
18715
18717
18718
18719
18720
18722
18723
18724
18725
18726
18727
18728
18729
18730
18731
18732
18733
18734
18735
18736
18737
18738
18739
18740
18741
18742
18743
18744
18745
18746
18747
18748
18749
18750
18751
18752
18753
18754
18755
18756
18757
18758
18760
18761
18762
18763
18765
18766
18767
18768
18769
18770
18771
18772
18773
18774
18776
18778
18779
18780
18781
18782
18784
18785
18786
18787
18788
18789
18790
18791
18792
18793
18794
18795
18797
18798
18799
18800
18801
18802
18803
18804
18805
18806
18807
18808
18809
18811
18812
18813
18814
18816
18817
18819
18820
18821
18823
18824
18825
18826
18827
18829
18830
18831
18832
18833
18836
18837
18838
18839
18840
18841
18842
18843
18844
18845
18846
18847
18849
18851
18852
18853
18854
18855
18856
18858
18859
18860
18861
18862
18863
18864
18865
18866
18867
18868
18869
18870
18871
18872
18873
18874
18876
18877
18878
18879
18880
18881
18882
18883
18887
18888
18889
18890
18891
18892
18893
18894
18895
18896
18897
18898
18899
18900
18901
18902
18903
18904
18905
18906
18907
18908
18909
18910
18911
18912
18914
18915
18916
18918
18919
18920
18921
18922
18924
18925
18926
18927
18928
18929
18931
18932
18933
18934
18935
18936
18937
18940
18942
18943
18944
18945
18946
18948
18949
18950
18951
18952
18955
18956
18957
18958
18959
18960
18961
18962
18963
18964
18966
18967
18968
18970
18971
18972
18973
18975
18976
18977
18978
18979
18982
18983
18984
18985
18986
18987
18988
18989
18990
18992
18993
18994
18995
18996
18998
18999
19000
19001
19002
19003
19004
19005
19007
19008
19009
19010
19013
19014
19015
19016
19017
19018
19019
19020
19023
19024
19026
19027
19028
19029
19030
19031
19032
19033
19034
19035
19037
19038
19040
19041
19042
19043
19044
19045
19048
19049
19050
19052
19053
19054
19056
19057
19058
19059
19061
19062
19063
19064
19066
19067
19068
19071
19072
19074
19075
19077
19078
19079
19080
19081
19082
19084
19086
19088
19089
19090
19091
19092
19093
19094
19096
19097
19098
19099
19100
19101
19104
19105
19106
19107
19108
19110
19111
19112
19113
19114
19117
19119
19122
19124
19125
19126
19129
19130
19131
19133
19134
19135
19137
19139
19140
19141
19142
19143
19144
19146
19148
19150
19151
19152
19153
19154
19155
19156
19157
19158
19159
19160
19161
19164
19165
19167
19168
19169
19170
19171
19174
19177
19179
19180
19181
19183
19184
19185
19186
19187
19188
19190
19191
19192
19193
19194
19195
19197
19198
19200
19203
19204
19205
19206
19207
19208
19211
19212
19213
19214
19217
19218
19221
19223
19224
19225
19226
19227
19228
19229
19230
19231
19233
19235
19236
19237
19238
19243
19244
19245
19246
19247
19248
19249
19251
19252
19253
19254
19256
19257
19258
19259
19260
19261
19262
19263
19264
19266
19267
19268
19269
19270
19271
19273
19274
19275
19278
19280
19281
19282
19284
19286
19287
19289
19291
19293
19294
19295
19296
19299
19301
19302
19303
19304
19305
19306
19307
19308
19309
19312
19313
19314
19315
19318
19319
19321
19323
19324
19325
19328
19329
19330
19332
19333
19334
19335
19336
19337
19339
19340
19341
19342
19344
19346
19347
19348
19349
19350
19351
19352
19354
19355
19356
19359
19360
19361
19363
19364
19366
19368
19370
19371
19373
19374
19375
19376
19380
19384
19385
19387
19388
19391
19392
19394
19395
19397
19399
19400
19402
19404
19408
19413
19414
19417
19419
19420
19421
19422
19423
19424
19426
19428
19429
19430
19435
19436
19437
19438
19439
19441
19442
19444
19445
19447
19451
19453
19456
19457
19460
19461
19462
19463
19464
19465
19468
19469
19471
19473
19474
19475
19477
19478
19479
19480
19482
19483
19486
19489
19491
19494
19496
19498
19500
19502
19506
19507
19509
19514
19516
19520
19523
19524
19525
19527
19530
19531
19534
19536
19538
19541
19543
19548
19550
19553
19554
19555
19557
19561
19562
19567
19568
19569
19570
19573
19574
19575
19576
19580
19582
19583
19584
19586
19587
19590
19594
19596
19598
19600
19601
19604
19605
19606
19607
19610
19611
19613
19617
19619
19622
19629
19630
19631
19634
19636
19637
19643
19647
19649
19650
19651
19655
19656
19657
19658
19659
19663
19665
19667
19669
19673
19678
19680
19687
19691
19692
19693
19695
19697
19698
19699
19700
19701
19702
19703
19704
19705
19706
19707
19708
19709
19710
19712
19715
