0	1
1	1
2	0
4	1
5	2
6	2
7	1
9	1
10	2
11	2
12	2
13	2
15	0
16	1
17	2
18	1
19	2
20	2
22	2
23	2
24	2
26	2
27	2
28	2
31	1
34	0
35	0
38	0
40	0
41	1
45	1
46	1
47	0
48	0
49	0
51	0
54	0
57	0
58	0
59	0
60	2
62	1
64	1
65	1
67	1
68	0
69	1
70	0
71	2
72	0
73	2
75	2
77	0
78	0
79	0
80	0
81	0
83	2
84	1
85	2
86	1
87	2
88	1
91	2
93	2
96	1
97	2
98	1
99	1
100	1
101	0
102	2
103	2
105	1
107	2
108	2
109	2
110	0
112	1
113	1
115	0
116	2
117	2
118	1
119	1
120	1
121	0
122	2
123	0
124	2
128	2
129	2
130	0
131	2
132	0
133	0
134	1
135	2
136	0
138	1
139	0
140	1
141	0
142	0
143	2
144	2
145	2
146	2
147	1
148	2
149	2
150	1
152	2
153	0
154	1
155	0
156	2
159	1
160	1
164	1
166	1
167	2
168	1
169	0
170	1
172	1
174	0
175	2
176	2
177	2
179	2
180	1
181	2
182	1
185	1
188	1
191	1
192	2
193	1
194	0
196	1
198	2
201	2
202	1
203	1
204	1
205	2
206	0
207	0
208	2
209	2
210	2
211	2
212	1
213	2
214	1
216	1
218	2
221	1
223	0
226	2
227	2
228	2
229	2
231	1
232	1
234	0
235	1
236	2
237	2
238	2
239	2
242	2
244	0
245	1
247	2
248	0
251	2
253	1
254	1
257	0
258	2
260	2
261	0
262	0
264	2
265	2
266	1
267	1
268	2
269	0
272	2
273	1
274	2
277	1
278	2
279	1
282	2
283	2
284	1
285	0
286	2
287	2
288	2
290	1
293	2
294	2
295	2
296	0
298	2
300	1
301	0
303	2
304	1
306	2
307	1
308	2
311	2
312	2
313	1
314	1
317	2
318	0
319	1
323	0
324	1
325	1
326	2
327	1
329	1
330	2
331	2
332	1
333	2
335	1
336	2
337	2
338	2
339	2
343	2
344	2
348	2
349	2
350	1
351	1
352	1
353	2
355	1
357	1
358	2
359	1
360	1
361	2
362	2
366	1
367	2
370	1
371	1
372	0
373	1
374	2
377	1
378	2
381	1
382	2
383	0
384	1
385	0
386	2
387	2
388	2
390	2
392	1
393	1
395	2
396	2
397	1
398	0
400	1
401	1
403	1
404	1
406	0
407	1
408	1
409	0
410	2
411	1
413	0
415	0
417	1
419	2
420	2
421	2
423	1
424	2
425	1
426	1
427	2
428	1
429	0
430	1
431	1
432	1
434	1
435	1
437	0
438	1
439	1
440	1
442	2
443	2
444	2
445	1
446	1
448	1
449	0
452	1
453	0
454	0
455	1
456	2
457	2
459	2
460	1
461	1
465	1
466	2
467	1
468	2
470	0
471	2
472	2
474	2
475	2
477	1
478	1
479	2
480	0
481	2
482	0
483	2
486	1
487	1
488	2
489	2
490	1
491	2
493	2
494	1
495	0
496	1
498	1
500	2
501	0
503	2
504	2
506	2
507	0
508	2
509	0
510	1
512	2
513	1
514	2
515	2
516	0
518	1
523	2
524	1
526	1
528	0
529	0
531	0
533	2
534	1
536	0
538	1
541	1
542	0
543	1
544	1
545	2
546	1
547	1
549	0
551	2
552	2
553	0
554	2
555	1
556	1
561	1
562	1
563	2
564	1
567	1
569	1
570	2
571	1
573	1
574	2
576	1
577	0
579	2
581	0
582	0
583	0
584	1
585	2
586	1
587	0
590	0
591	0
592	1
593	2
595	0
596	2
597	2
598	0
600	2
601	2
602	2
603	2
604	0
605	1
609	1
611	2
612	1
613	1
614	0
616	1
617	2
619	0
620	0
621	1
622	2
623	0
624	2
625	1
626	1
628	2
629	2
630	2
632	0
633	0
634	0
636	0
637	1
638	1
640	1
641	1
642	1
643	0
644	0
645	2
646	1
647	1
649	1
650	1
651	1
652	1
653	2
654	1
655	1
656	2
657	0
659	1
661	0
662	1
664	1
667	2
668	1
670	2
672	0
676	2
677	0
678	1
679	1
680	1
681	2
682	2
684	0
685	0
686	1
687	2
689	1
690	0
691	2
693	0
694	2
696	1
698	1
699	0
700	2
705	1
706	0
707	2
708	1
709	2
710	1
711	2
712	1
714	1
715	0
716	2
717	1
718	1
720	0
721	1
722	0
723	1
725	1
726	2
727	2
728	2
729	0
730	2
731	1
733	2
735	2
736	1
737	0
738	1
739	1
741	1
743	2
746	1
749	2
750	2
751	0
752	0
753	2
754	2
755	0
756	1
758	2
759	1
761	1
762	1
764	2
765	2
766	1
767	2
768	1
769	1
770	1
772	2
776	2
777	2
778	2
779	2
780	2
781	1
782	1
784	1
785	1
786	2
787	0
788	2
789	2
790	0
791	2
792	0
793	1
797	1
800	1
802	2
803	2
804	1
805	2
806	0
807	0
808	1
809	0
810	1
812	2
813	0
814	2
815	2
817	0
818	1
819	2
820	0
821	1
822	1
825	2
826	1
828	1
829	1
830	2
831	2
832	1
833	1
834	0
835	0
836	1
837	1
838	2
840	1
841	1
843	0
844	0
845	2
846	2
847	2
848	1
849	2
850	2
853	1
854	2
855	1
856	1
857	2
858	1
859	2
862	2
864	1
865	2
867	0
869	0
871	2
872	1
873	2
874	2
877	1
878	1
880	2
881	2
882	0
883	1
884	1
885	1
887	2
888	1
889	1
891	0
892	1
894	0
895	2
896	0
897	2
898	1
899	1
901	1
902	2
903	1
904	1
905	0
906	2
908	1
909	2
910	1
912	1
913	0
915	2
916	2
917	2
918	2
920	1
921	1
923	1
924	2
926	2
927	0
928	1
929	2
931	2
932	2
933	2
934	1
935	1
937	0
938	0
939	2
941	1
942	1
944	2
945	1
946	1
947	1
948	2
949	2
950	2
951	2
952	1
953	2
954	1
957	0
958	1
959	2
960	1
961	1
962	1
963	2
964	1
966	0
969	2
970	2
972	0
973	2
974	1
975	1
976	1
977	0
978	2
979	2
980	1
981	1
982	2
983	1
984	0
985	2
986	2
987	0
989	1
991	1
992	1
994	1
996	0
997	1
998	2
1000	1
1001	1
1004	0
1006	1
1007	2
1008	1
1011	0
1012	2
1013	2
1015	2
1016	1
1017	2
1018	1
1019	1
1021	1
1022	0
1023	2
1024	2
1025	2
1027	2
1028	2
1029	2
1031	0
1032	1
1033	1
1034	0
1035	1
1036	0
1037	2
1038	1
1040	2
1043	2
1044	1
1045	2
1046	2
1048	2
1050	2
1051	1
1052	1
1053	1
1054	1
1055	1
1056	1
1057	1
1058	2
1059	1
1060	1
1061	2
1062	1
1063	1
1064	1
1066	2
1067	1
1068	1
1069	0
1071	1
1072	1
1075	0
1076	2
1077	1
1078	2
1079	0
1080	1
1081	2
1084	0
1085	0
1086	0
1089	1
1090	1
1091	1
1092	0
1093	0
1094	0
1096	1
1098	2
1099	1
1100	1
1101	0
1102	1
1103	0
1104	1
1106	1
1107	2
1108	0
1110	1
1111	2
1112	2
1113	2
1114	1
1115	0
1118	1
1119	2
1120	1
1121	1
1122	0
1123	2
1125	1
1127	0
1129	0
1130	1
1131	1
1133	1
1134	0
1135	2
1136	0
1137	0
1138	2
1139	1
1140	0
1141	2
1142	2
1144	2
1146	2
1147	1
1148	0
1149	1
1150	0
1151	1
1152	1
1153	1
1155	1
1156	1
1158	1
1159	1
1161	1
1162	1
1165	2
1166	2
1167	2
1169	2
1172	2
1174	0
1175	1
1176	1
1177	1
1178	0
1180	2
1183	0
1184	2
1185	1
1186	2
1187	1
1188	0
1189	2
1190	1
1191	0
1192	2
1194	2
1197	2
1198	1
1201	0
1202	1
1204	1
1205	2
1206	1
1207	1
1208	1
1209	2
1210	2
1211	2
1212	1
1213	2
1215	1
1216	0
1219	1
1221	2
1222	1
1223	0
1224	1
1225	2
1226	1
1227	2
1228	1
1229	0
1230	2
1231	2
1232	2
1233	2
1234	1
1235	2
1236	0
1237	2
1238	2
1239	1
1240	1
1241	1
1242	1
1244	2
1245	1
1246	1
1247	1
1248	0
1249	2
1251	2
1252	2
1253	2
1255	2
1257	1
1260	1
1261	2
1263	2
1264	1
1265	1
1266	0
1268	0
1269	1
1270	1
1271	2
1272	1
1273	1
1274	1
1275	1
1276	1
1277	2
1280	2
1281	0
1282	2
1286	1
1287	2
1289	2
1292	2
1294	1
1296	2
1297	2
1298	2
1299	1
1300	1
1301	1
1303	2
1304	1
1306	0
1307	2
1309	0
1310	0
1311	0
1312	2
1313	1
1314	2
1315	0
1316	1
1317	0
1318	0
1319	2
1321	0
1322	1
1323	0
1324	1
1325	2
1327	0
1328	1
1329	1
1330	1
1333	0
1334	1
1337	1
1338	1
1339	1
1342	1
1343	1
1345	2
1347	0
1349	2
1350	1
1351	2
1352	0
1353	2
1354	2
1356	2
1358	0
1360	1
1363	1
1365	2
1366	2
1367	2
1368	2
1369	1
1370	1
1373	1
1374	1
1375	1
1377	1
1378	1
1379	1
1384	2
1385	1
1386	1
1388	1
1389	1
1391	1
1393	0
1394	2
1395	1
1396	1
1398	1
1400	2
1401	0
1402	1
1403	0
1404	2
1405	1
1407	1
1408	2
1409	2
1410	1
1411	1
1412	0
1414	1
1415	2
1416	1
1417	2
1418	1
1420	0
1422	1
1423	1
1424	2
1425	1
1427	2
1428	1
1430	2
1432	1
1433	1
1436	2
1437	0
1438	2
1439	2
1442	2
1443	2
1446	2
1447	2
1448	0
1450	2
1451	1
1452	2
1453	1
1454	2
1455	0
1456	1
1459	0
1462	2
1463	2
1464	2
1466	2
1467	1
1468	2
1469	1
1470	2
1471	2
1473	2
1474	2
1475	0
1477	0
1478	1
1479	2
1480	1
1481	1
1482	0
1484	2
1485	1
1488	2
1489	2
1490	0
1491	2
1493	1
1494	1
1495	1
1497	2
1498	2
1499	0
1501	1
1503	1
1504	2
1505	0
1506	2
1507	1
1509	0
1510	2
1511	0
1512	1
1513	0
1514	0
1515	1
1517	1
1518	1
1521	2
1523	1
1526	0
1528	1
1529	2
1531	2
1533	1
1537	0
1538	2
1539	0
1540	0
1541	1
1542	1
1544	1
1545	2
1546	1
1547	1
1548	0
1549	1
1550	0
1552	2
1553	2
1554	0
1555	1
1557	2
1558	1
1559	2
1560	1
1561	2
1563	0
1564	0
1565	0
1567	1
1568	1
1569	2
1570	2
1572	1
1573	1
1574	1
1575	0
1576	0
1578	1
1579	0
1581	2
1582	1
1583	1
1584	2
1585	0
1586	0
1587	1
1588	1
1590	1
1591	2
1593	1
1594	1
1595	2
1596	1
1597	2
1598	1
1599	1
1601	0
1602	2
1603	1
1605	2
1606	1
1607	2
1611	1
1612	2
1613	1
1614	2
1615	1
1616	1
1617	2
1618	2
1619	2
1620	0
1621	1
1622	1
1624	2
1625	1
1628	1
1629	2
1631	2
1632	0
1633	1
1635	1
1637	0
1638	1
1639	1
1640	1
1641	1
1643	0
1644	1
1645	1
1646	2
1647	2
1650	1
1651	2
1652	1
1653	1
1654	2
1656	1
1657	1
1658	0
1659	0
1660	0
1663	2
1664	1
1665	2
1667	2
1668	2
1669	0
1672	1
1673	0
1674	2
1675	2
1676	1
1678	2
1681	2
1682	2
1683	1
1684	0
1685	1
1687	0
1688	1
1689	1
1690	0
1691	2
1692	2
1693	1
1694	1
1695	2
1697	2
1700	0
1701	1
1702	2
1703	0
1704	2
1707	2
1708	1
1710	0
1714	1
1715	1
1716	2
1717	1
1718	1
1719	0
1720	1
1721	1
1722	1
1723	2
1724	1
1726	1
1728	1
1730	0
1732	1
1733	1
1736	2
1737	2
1738	1
1740	2
1742	2
1744	1
1745	0
1748	1
1752	0
1753	1
1754	1
1755	0
1756	1
1757	1
1758	0
1759	1
1760	2
1761	2
1762	1
1763	0
1764	2
1766	1
1767	1
1768	2
1769	2
1770	2
1771	1
1774	0
1775	2
1776	2
1777	2
1779	2
1781	1
1783	0
1784	1
1785	2
1787	0
1789	1
1791	0
1792	0
1794	1
1795	1
1796	1
1797	1
1799	0
1802	0
1805	0
1806	1
1807	2
1809	1
1810	1
1811	0
1813	0
1814	1
1815	1
1816	2
1817	0
1818	2
1819	1
1821	0
1823	2
1825	1
1828	2
1830	0
1832	2
1833	0
1834	1
1835	1
1837	2
1838	0
1839	1
1840	1
1841	1
1842	2
1843	1
1844	2
1846	2
1847	0
1851	0
1852	1
1854	1
1856	1
1857	1
1858	2
1859	1
1862	2
1863	2
1864	1
1865	2
1867	2
1869	2
1870	1
1871	2
1872	0
1874	1
1875	1
1876	2
1877	0
1878	0
1880	0
1881	2
1882	2
1883	0
1884	2
1885	1
1887	2
1888	2
1889	1
1890	2
1891	2
1893	0
1895	2
1896	1
1897	0
1899	0
1900	1
1902	2
1904	1
1905	2
1907	2
1908	1
1909	1
1910	2
1911	1
1915	0
1916	2
1917	2
1918	1
1920	2
1921	2
1922	0
1923	2
1924	2
1927	1
1928	2
1929	1
1930	2
1935	0
1936	1
1937	2
1938	2
1939	0
1940	2
1942	2
1943	2
1945	1
1946	0
1947	1
1949	2
1951	2
1952	2
1954	1
1955	1
1958	0
1960	0
1961	1
1962	2
1963	1
1965	2
1966	1
1967	1
1969	1
1970	1
1972	1
1973	1
1974	1
1977	2
1980	2
1981	1
1983	2
1984	0
1986	2
1987	1
1988	2
1989	0
1992	2
1994	2
1995	1
1996	2
1998	1
2000	0
2001	2
2004	2
2006	1
2007	1
2008	2
2009	1
2010	2
2011	1
2013	0
2014	0
2015	2
2017	2
2019	1
2020	1
2022	2
2023	2
2024	1
2025	1
2026	2
2027	2
2028	2
2029	0
2031	1
2032	0
2034	2
2035	2
2037	1
2038	1
2039	1
2040	2
2041	1
2042	0
2044	1
2045	1
2046	1
2048	1
2049	1
2051	2
2052	2
2053	1
2054	2
2055	1
2056	2
2060	2
2061	1
2062	2
2063	2
2064	1
2069	2
2071	0
2072	1
2073	1
2074	1
2077	0
2078	1
2079	2
2080	1
2081	2
2083	0
2084	2
2085	1
2086	2
2087	0
2088	2
2089	1
2090	1
2091	2
2092	0
2093	1
2094	1
2095	2
2096	0
2098	2
2099	0
2100	0
2101	1
2103	1
2104	1
2105	0
2107	1
2108	1
2109	0
2110	1
2111	2
2112	0
2113	2
2114	2
2115	2
2116	2
2117	2
2118	1
2119	2
2120	2
2121	2
2122	2
2123	1
2124	2
2126	0
2128	2
2130	2
2132	2
2133	0
2134	2
2136	1
2137	1
2138	0
2139	1
2140	1
2142	1
2143	2
2146	0
2147	0
2148	2
2149	0
2150	0
2151	0
2152	2
2153	1
2154	2
2156	1
2157	0
2158	1
2159	2
2160	1
2163	0
2164	2
2165	2
2166	1
2167	0
2169	1
2170	2
2172	1
2175	2
2176	1
2177	0
2178	2
2179	1
2180	2
2182	0
2183	0
2184	0
2185	1
2186	1
2187	1
2188	2
2189	1
2193	1
2194	2
2195	2
2196	2
2197	0
2198	0
2199	2
2200	2
2202	0
2203	1
2206	1
2207	1
2208	1
2209	0
2211	1
2212	1
2213	1
2214	2
2215	2
2216	2
2217	2
2218	2
2219	1
2220	1
2222	1
2223	1
2224	0
2226	1
2228	2
2229	1
2230	0
2232	2
2233	0
2234	2
2235	1
2238	0
2239	0
2240	1
2241	1
2242	1
2243	0
2244	1
2246	1
2247	2
2248	0
2249	2
2251	1
2252	2
2254	2
2255	1
2256	2
2258	2
2259	2
2261	2
2262	2
2263	1
2267	0
2268	2
2269	1
2270	0
2271	2
2272	0
2273	1
2274	1
2275	0
2277	2
2278	2
2280	0
2281	0
2283	2
2284	1
2286	2
2289	2
2291	1
2292	1
2293	1
2294	2
2295	0
2297	0
2298	1
2300	0
2301	2
2302	0
2303	2
2304	1
2305	0
2306	2
2308	2
2309	1
2310	1
2311	2
2312	2
2313	2
2316	1
2317	2
2319	2
2320	2
2322	2
2323	1
2324	2
2325	2
2326	1
2328	1
2329	2
2330	1
2331	1
2333	0
2334	1
2335	2
2336	2
2337	2
2338	0
2339	2
2341	2
2342	2
2343	1
2344	1
2346	2
2348	1
2351	1
2352	1
2355	2
2357	1
2359	0
2360	1
2361	2
2362	1
2364	2
2365	0
2366	2
2367	0
2368	0
2369	1
2370	2
2371	1
2372	1
2373	1
2377	2
2380	1
2381	2
2382	2
2383	0
2384	1
2385	2
2386	2
2387	1
2388	2
2389	2
2391	0
2393	2
2395	1
2397	0
2398	2
2401	0
2402	2
2406	2
2408	2
2409	1
2412	1
2413	0
2414	1
2415	1
2416	1
2417	1
2420	0
2422	1
2425	0
2426	0
2428	2
2430	1
2431	2
2432	0
2434	2
2435	1
2436	0
2437	2
2438	1
2439	2
2440	2
2441	2
2442	2
2446	1
2449	1
2450	1
2451	2
2452	1
2455	0
2456	0
2457	2
2458	2
2459	1
2460	1
2461	1
2462	1
2463	1
2464	1
2466	2
2470	2
2471	2
2472	2
2474	0
2475	2
2477	2
2478	1
2479	2
2480	1
2481	2
2484	2
2485	0
2487	0
2488	1
2489	1
2490	0
2492	0
2493	2
2494	2
2496	1
2497	1
2498	2
2500	1
2501	2
2503	2
2504	1
2505	2
2506	2
2507	0
2508	2
2509	2
2512	2
2513	0
2514	2
2515	0
2516	0
2517	2
2518	1
2519	2
2520	1
2521	2
2522	2
2523	2
2524	0
2525	1
2526	2
2527	0
2528	1
2529	0
2530	2
2532	1
2533	0
2534	1
2536	1
2537	0
2538	2
2539	2
2541	1
2543	0
2544	2
2545	2
2546	1
2548	1
2549	1
2550	1
2551	0
2552	1
2553	0
2554	2
2557	0
2558	0
2559	1
2560	0
2561	2
2562	1
2563	1
2566	1
2567	0
2569	2
2570	0
2571	2
2572	0
2573	2
2577	0
2579	1
2580	1
2581	2
2582	2
2583	0
2584	2
2585	1
2588	2
2590	2
2591	1
2592	1
2593	2
2594	2
2595	0
2596	1
2597	0
2599	1
2600	0
2602	2
2604	1
2605	2
2606	1
2608	0
2609	2
2611	1
2612	1
2615	0
2616	1
2620	2
2622	1
2623	1
2624	2
2625	1
2627	2
2628	1
2631	1
2634	0
2638	2
2640	1
2641	1
2642	1
2644	1
2645	2
2646	2
2647	1
2648	1
2649	1
2650	1
2654	2
2655	1
2656	0
2657	2
2658	2
2659	0
2661	1
2662	2
2664	2
2665	1
2666	0
2667	1
2668	1
2670	2
2672	2
2673	1
2674	2
2676	1
2677	2
2678	1
2679	0
2680	2
2681	1
2685	1
2686	1
2688	1
2689	2
2690	1
2691	1
2692	1
2693	2
2695	2
2697	2
2699	1
2700	0
2701	2
2702	2
2703	2
2704	1
2705	1
2707	2
2708	2
2712	2
2713	0
2714	0
2716	2
2717	0
2718	2
2719	2
2720	1
2722	0
2724	1
2725	0
2727	2
2728	0
2729	1
2730	1
2731	0
2732	0
2733	1
2734	1
2735	1
2736	1
2738	1
2740	1
2741	2
2744	2
2745	2
2746	2
2748	2
2749	1
2752	1
2753	2
2754	1
2755	2
2756	0
2758	1
2759	2
2765	2
2766	0
2767	2
2768	1
2769	2
2771	2
2773	0
2774	1
2775	0
2776	0
2778	0
2780	2
2781	1
2783	0
2784	2
2785	2
2786	1
2789	2
2790	1
2793	2
2794	0
2795	0
2796	2
2797	2
2798	2
2800	1
2802	1
2803	2
2804	2
2806	0
2807	1
2812	0
2813	0
2814	0
2815	1
2821	2
2823	1
2824	0
2825	2
2826	2
2827	0
2828	1
2831	1
2833	1
2835	2
2836	2
2837	1
2838	1
2841	0
2842	1
2843	2
2845	1
2846	0
2847	1
2849	1
2851	1
2852	2
2853	2
2854	1
2857	0
2858	1
2859	2
2860	2
2862	0
2863	2
2864	0
2865	1
2866	1
2867	2
2868	1
2869	0
2870	2
2872	1
2873	0
2874	1
2875	0
2877	1
2879	2
2880	1
2881	2
2882	1
2884	2
2885	0
2886	2
2887	1
2890	2
2891	0
2892	1
2895	1
2896	0
2897	2
2898	1
2901	1
2902	2
2903	2
2907	1
2909	0
2910	2
2911	1
2912	1
2914	1
2915	2
2917	0
2919	2
2920	0
2921	2
2925	0
2927	2
2928	2
2929	1
2930	1
2931	2
2933	0
2935	2
2936	0
2937	0
2938	0
2939	1
2940	1
2941	2
2943	1
2944	0
2945	1
2948	1
2949	0
2950	1
2951	2
2953	2
2954	2
2955	1
2957	2
2960	1
2961	0
2962	2
2963	2
2964	2
2965	2
2966	1
2967	2
2968	0
2969	2
2971	2
2972	1
2973	1
2974	1
2975	1
2978	0
2980	2
2981	2
2982	2
2983	2
2984	1
2985	0
2987	1
2988	2
2989	2
2990	0
2991	1
2992	2
2993	1
2994	1
2995	2
2996	0
2997	1
2999	2
3000	2
3001	1
3002	2
3004	2
3005	1
3006	0
3010	2
3011	0
3012	2
3013	1
3014	2
3015	1
3017	1
3018	2
3019	1
3020	1
3022	1
3026	0
3027	1
3029	1
3030	2
3034	2
3035	2
3036	2
3037	1
3038	1
3040	1
3041	2
3043	2
3046	1
3048	1
3049	0
3050	1
3052	2
3054	2
3055	2
3057	2
3058	2
3059	1
3060	2
3061	1
3062	2
3068	2
3069	2
3073	2
3074	2
3075	2
3076	0
3077	0
3079	0
3081	1
3082	1
3083	0
3084	2
3086	1
3087	1
3089	2
3090	0
3092	2
3093	0
3095	2
3097	2
3099	2
3100	1
3102	0
3104	1
3105	2
3107	2
3108	2
3110	2
3111	2
3112	0
3113	2
3118	1
3119	2
3121	1
3123	2
3124	1
3125	2
3126	2
3127	2
3128	1
3129	0
3130	1
3132	1
3133	1
3135	2
3136	1
3137	1
3138	1
3141	1
3142	1
3143	1
3145	2
3146	1
3148	2
3151	1
3153	1
3154	2
3156	2
3159	2
3160	0
3161	1
3162	2
3163	0
3164	0
3165	2
3166	0
3167	1
3168	1
3170	1
3171	1
3172	1
3173	2
3174	1
3179	1
3180	1
3181	1
3182	2
3184	2
3185	0
3186	2
3187	2
3190	1
3191	2
3192	2
3193	2
3195	2
3196	1
3197	0
3198	2
3200	2
3201	1
3203	0
3205	2
3206	2
3207	1
3209	2
3210	2
3211	0
3214	1
3215	1
3217	2
3218	1
3219	0
3220	2
3221	1
3222	1
3223	2
3224	1
3226	1
3227	0
3228	0
3229	0
3230	2
3232	1
3233	1
3236	1
3237	1
3239	2
3240	1
3241	2
3244	2
3245	2
3246	1
3248	1
3249	1
3250	2
3252	0
3253	0
3254	1
3255	0
3256	2
3257	0
3259	2
3260	1
3261	0
3262	2
3264	1
3266	0
3267	1
3268	0
3269	2
3270	2
3271	1
3272	2
3273	2
3274	0
3275	2
3276	1
3277	1
3278	2
3279	2
3280	2
3281	1
3284	1
3285	1
3286	1
3287	1
3288	1
3289	1
3290	1
3291	0
3292	0
3293	1
3294	1
3296	1
3298	2
3299	1
3300	1
3301	1
3303	0
3304	1
3305	1
3306	0
3307	1
3309	0
3310	2
3311	2
3313	2
3314	1
3315	0
3316	1
3317	2
3318	1
3319	2
3320	0
3322	0
3323	2
3324	2
3325	1
3326	0
3327	1
3328	0
3331	1
3332	1
3333	2
3334	1
3335	1
3336	0
3337	2
3340	1
3341	1
3342	1
3343	2
3345	1
3346	1
3347	2
3348	2
3350	1
3351	0
3352	1
3353	1
3354	2
3356	0
3357	0
3358	0
3359	2
3360	0
3361	0
3362	0
3364	2
3365	1
3366	1
3369	2
3370	2
3371	2
3372	2
3374	0
3376	2
3379	2
3380	2
3381	0
3383	1
3384	2
3385	0
3387	1
3389	2
3390	1
3391	1
3392	1
3393	1
3395	1
3396	1
3397	1
3398	2
3399	1
3400	2
3402	2
3403	1
3404	1
3405	2
3406	1
3407	2
3408	2
3409	2
3410	2
3412	1
3414	2
3415	2
3417	0
3418	2
3419	1
3420	0
3421	0
3422	2
3424	1
3425	2
3427	0
3428	2
3429	1
3434	1
3435	2
3438	0
3439	1
3440	1
3441	2
3442	0
3445	1
3447	2
3448	1
3449	1
3450	1
3451	2
3452	2
3453	1
3455	1
3456	1
3457	2
3459	1
3461	1
3462	1
3463	2
3464	2
3465	1
3466	2
3468	1
3469	0
3472	2
3473	2
3475	2
3476	2
3477	2
3478	2
3480	1
3481	1
3483	2
3484	2
3485	1
3486	2
3487	2
3488	1
3489	2
3490	2
3491	2
3492	2
3493	1
3494	2
3495	1
3496	2
3499	1
3501	1
3503	0
3504	1
3505	2
3506	0
3509	2
3511	2
3516	2
3517	1
3520	0
3522	2
3523	2
3524	2
3526	0
3527	1
3531	1
3532	1
3534	0
3535	0
3537	0
3538	0
3540	2
3541	1
3542	1
3543	1
3544	2
3545	2
3548	1
3550	1
3553	2
3554	1
3556	2
3557	2
3558	0
3560	2
3561	2
3563	0
3565	1
3566	0
3567	1
3568	2
3570	1
3571	2
3572	2
3573	2
3574	2
3575	0
3576	2
3577	0
3579	2
3580	0
3582	2
3583	1
3584	2
3585	1
3588	0
3590	2
3591	1
3592	2
3593	2
3595	0
3598	2
3599	0
3600	2
3601	2
3602	0
3604	1
3606	1
3607	2
3609	1
3611	2
3616	2
3617	0
3618	2
3619	0
3620	2
3621	1
3622	0
3623	2
3624	1
3625	2
3629	2
3630	2
3631	1
3632	2
3634	0
3635	2
3637	1
3639	0
3640	1
3641	2
3642	2
3643	1
3644	1
3645	1
3646	2
3647	2
3648	0
3649	0
3650	2
3651	0
3653	1
3654	2
3655	1
3658	1
3659	0
3663	0
3664	1
3665	0
3666	1
3667	1
3671	2
3672	2
3673	2
3674	0
3675	1
3677	1
3679	1
3680	2
3681	1
3683	1
3686	0
3687	1
3689	1
3690	0
3691	1
3692	2
3693	2
3695	2
3696	1
3698	1
3699	2
3701	2
3702	2
3703	0
3704	0
3705	0
3707	1
3708	1
3709	0
3710	2
3712	2
3713	1
3714	0
3715	2
3716	2
3717	0
3719	2
3720	0
3721	0
3722	1
3723	0
3725	1
3726	2
3727	1
3728	2
3729	2
3731	1
3733	1
3735	2
3736	1
3738	2
3739	1
3742	1
3743	2
3744	2
3745	0
3746	1
3747	2
3748	2
3751	2
3753	0
3754	2
3755	2
3756	0
3757	1
3760	0
3761	0
3762	1
3763	1
3764	2
3766	1
3768	1
3770	2
3771	2
3772	1
3773	2
3775	2
3776	1
3778	2
3779	2
3780	1
3781	2
3782	0
3785	2
3787	2
3788	1
3789	1
3790	2
3792	2
3793	2
3794	0
3795	1
3799	0
3800	0
3801	1
3803	1
3805	1
3807	1
3808	0
3809	2
3810	1
3813	2
3814	1
3816	0
3817	0
3818	1
3821	2
3822	2
3823	1
3824	2
3825	2
3827	2
3831	2
3834	2
3839	2
3840	2
3846	1
3848	2
3849	0
3850	0
3851	1
3852	1
3853	0
3855	1
3858	1
3860	1
3861	1
3863	1
3864	2
3866	0
3867	0
3868	0
3869	1
3871	2
3872	1
3874	1
3875	0
3876	1
3877	2
3878	0
3879	1
3880	2
3881	1
3883	2
3884	1
3885	1
3886	2
3888	1
3890	1
3893	1
3895	1
3896	2
3897	1
3899	2
3900	2
3901	2
3903	2
3905	2
3906	2
3907	2
3908	1
3909	2
3911	0
3912	1
3916	0
3918	2
3919	2
3920	2
3922	0
3923	1
3924	2
3926	1
3927	1
3928	2
3929	2
3930	2
3931	2
3932	0
3934	1
3935	0
3936	1
3937	0
3938	2
3939	2
3940	1
3941	2
3942	0
3943	0
3945	1
3946	2
3947	0
3948	1
3951	1
3952	1
3955	0
3956	2
3958	1
3960	1
3961	2
3963	1
3965	2
3966	2
3967	2
3968	1
3969	1
3970	0
3971	2
3972	2
3977	1
3978	1
3979	0
3980	0
3981	1
3983	1
3984	1
3985	0
3987	1
3989	2
3990	0
3991	0
3992	0
3993	1
3996	0
3997	1
3999	2
4001	1
4004	2
4006	1
4007	0
4008	0
4009	0
4010	1
4011	1
4012	2
4013	2
4015	0
4016	1
4017	2
4018	1
4019	0
4020	0
4021	0
4024	0
4025	1
4026	0
4027	2
4028	0
4030	2
4031	2
4033	1
4035	2
4036	0
4038	2
4039	2
4040	2
4041	1
4042	1
4043	2
4045	1
4046	2
4049	1
4051	1
4052	1
4054	2
4055	2
4056	2
4057	1
4058	2
4059	1
4060	2
4061	2
4062	1
4063	0
4064	0
4067	1
4068	2
4070	1
4071	1
4072	0
4073	2
4074	2
4075	2
4076	0
4077	1
4078	2
4081	1
4082	1
4084	1
4085	1
4086	2
4087	2
4089	1
4090	0
4091	2
4092	2
4093	2
4094	2
4095	2
4097	0
4098	0
4099	1
4103	1
4104	1
4106	2
4110	2
4112	1
4113	2
4114	1
4115	2
4116	2
4117	1
4118	2
4119	0
4121	0
4125	0
4128	0
4129	2
4130	2
4133	1
4134	1
4135	0
4136	2
4138	2
4139	1
4140	2
4142	2
4143	2
4144	1
4145	1
4147	0
4148	2
4149	1
4150	2
4152	1
4154	1
4155	1
4156	2
4157	2
4158	2
4159	2
4161	0
4164	1
4165	1
4166	2
4167	2
4168	2
4169	0
4170	2
4172	2
4173	2
4176	2
4177	2
4178	2
4181	2
4183	2
4184	1
4185	2
4186	2
4187	1
4188	2
4189	1
4190	1
4191	1
4192	2
4193	2
4194	2
4196	2
4197	0
4198	2
4199	2
4200	1
4201	1
4205	1
4206	2
4209	0
4210	1
4211	1
4212	0
4213	2
4214	0
4215	0
4216	2
4217	1
4218	0
4219	0
4220	1
4221	0
4222	1
4224	2
4225	2
4227	1
4228	2
4230	0
4231	1
4232	1
4233	1
4234	0
4235	1
4237	2
4238	1
4239	1
4240	1
4241	2
4242	2
4243	1
4244	2
4245	1
4246	1
4247	1
4248	2
4249	1
4250	0
4252	1
4253	1
4255	2
4257	2
4258	2
4259	1
4261	1
4262	1
4263	2
4265	0
4266	0
4267	0
4270	2
4271	2
4273	2
4274	1
4275	1
4277	2
4279	2
4281	1
4284	0
4285	0
4286	2
4287	2
4288	1
4289	2
4290	1
4291	0
4293	2
4294	1
4295	2
4296	0
4297	1
4298	1
4299	0
4300	1
4301	2
4303	0
4304	2
4305	1
4306	1
4307	2
4308	2
4310	0
4311	0
4312	2
4314	0
4315	1
4316	0
4321	2
4322	1
4323	2
4324	0
4325	1
4328	0
4329	0
4331	2
4332	1
4333	2
4336	2
4337	2
4338	1
4339	0
4340	1
4341	1
4342	1
4343	2
4345	2
4347	1
4348	0
4349	1
4350	2
4353	2
4354	2
4356	1
4359	1
4360	1
4361	0
4362	1
4363	1
4364	1
4365	2
4366	1
4369	0
4372	0
4373	1
4374	2
4375	1
4376	1
4378	0
4379	2
4382	2
4383	2
4384	0
4385	2
4386	2
4388	2
4392	1
4393	2
4394	1
4395	0
4396	0
4397	2
4398	0
4399	0
4400	2
4402	1
4403	1
4404	0
4405	2
4408	0
4409	1
4410	2
4411	1
4415	1
4416	1
4417	2
4421	1
4422	1
4423	2
4425	2
4426	2
4427	1
4428	1
4429	2
4431	0
4432	1
4434	2
4435	1
4436	1
4437	2
4438	2
4440	2
4441	2
4442	0
4443	1
4445	2
4446	1
4447	2
4448	2
4449	1
4450	2
4451	1
4453	1
4454	2
4455	2
4456	0
4458	1
4459	1
4460	0
4461	2
4462	1
4464	2
4466	1
4469	2
4470	1
4471	0
4474	1
4476	0
4477	2
4478	1
4479	1
4481	2
4482	2
4483	1
4484	2
4485	2
4489	0
4490	2
4492	1
4493	2
4494	2
4497	0
4498	2
4500	1
4502	2
4503	1
4505	1
4507	1
4508	1
4511	0
4512	1
4513	2
4514	1
4515	2
4516	1
4517	2
4518	2
4519	0
4520	1
4521	2
4522	2
4523	2
4524	0
4526	2
4527	2
4528	1
4529	0
4530	0
4532	1
4533	2
4534	2
4535	0
4537	2
4538	2
4540	2
4541	2
4542	2
4544	2
4545	1
4546	2
4548	2
4549	0
4550	2
4551	2
4552	0
4553	1
4554	0
4555	0
4556	1
4557	0
4558	1
4559	1
4560	1
4561	1
4562	1
4563	2
4564	1
4565	0
4567	2
4569	1
4570	2
4571	2
4572	1
4574	1
4577	1
4578	1
4581	2
4582	1
4583	0
4585	0
4586	0
4588	0
4589	1
4592	1
4593	0
4594	2
4595	0
4597	0
4598	2
4599	2
4600	1
4601	1
4602	1
4603	2
4604	1
4605	1
4606	0
4607	1
4608	2
4609	1
4610	1
4611	2
4612	1
4614	0
4616	2
4620	2
4621	1
4622	0
4623	1
4624	0
4625	1
4629	2
4630	1
4631	1
4632	1
4633	1
4634	2
4635	1
4636	2
4638	2
4639	0
4640	2
4641	2
4642	2
4643	0
4644	1
4645	1
4646	2
4647	2
4648	0
4653	2
4654	1
4655	0
4656	1
4657	0
4658	2
4659	0
4660	2
4661	0
4662	0
4663	0
4665	1
4666	1
4667	2
4668	2
4669	2
4671	2
4672	2
4674	1
4675	2
4678	2
4679	1
4682	2
4683	2
4684	2
4685	1
4687	2
4688	1
4689	1
4692	1
4694	1
4695	2
4696	1
4697	1
4702	2
4706	0
4707	2
4708	1
4711	2
4714	1
4715	2
4716	2
4717	1
4718	1
4719	1
4720	0
4722	1
4725	1
4726	0
4728	2
4731	2
4732	1
4733	0
4734	0
4735	1
4738	1
4740	2
4742	2
4743	2
4744	2
4745	2
4747	1
4748	1
4749	0
4750	2
4751	0
4752	2
4753	2
4754	0
4755	0
4758	2
4759	2
4760	1
4762	2
4764	0
4765	1
4767	2
4771	1
4772	1
4773	1
4774	2
4775	1
4776	1
4778	0
4779	1
4780	2
4781	2
4782	0
4783	2
4784	1
4787	0
4788	1
4789	2
4791	1
4794	0
4795	2
4796	1
4797	2
4798	0
4799	2
4800	2
4803	2
4804	1
4805	1
4806	1
4807	1
4808	2
4811	1
4813	0
4814	1
4815	1
4817	2
4818	0
4819	0
4820	0
4821	1
4823	2
4825	1
4826	1
4828	1
4829	1
4830	1
4832	2
4833	1
4834	2
4835	2
4836	1
4837	1
4838	2
4839	2
4840	0
4843	1
4846	1
4847	1
4848	0
4849	1
4850	2
4852	2
4853	1
4854	2
4856	2
4857	2
4859	1
4860	2
4861	0
4862	1
4863	1
4865	1
4866	2
4867	2
4868	1
4869	0
4870	2
4871	0
4872	2
4874	2
4875	1
4876	0
4878	1
4880	2
4884	2
4887	2
4889	0
4890	1
4891	2
4892	2
4893	1
4894	2
4895	1
4899	1
4900	1
4901	2
4902	1
4909	2
4910	1
4911	1
4912	1
4913	2
4914	1
4916	1
4917	1
4919	1
4920	2
4921	2
4922	2
4923	0
4924	0
4925	1
4926	2
4927	2
4929	0
4930	1
4932	1
4933	2
4934	2
4935	1
4936	1
4938	0
4939	0
4942	1
4944	0
4945	2
4946	1
4948	2
4950	1
4951	1
4954	1
4956	2
4958	2
4960	1
4961	2
4962	2
4963	1
4966	1
4967	1
4968	0
4970	1
4973	1
4974	0
4975	2
4976	1
4977	1
4978	1
4979	1
4980	1
4981	2
4983	1
4984	1
4985	2
4986	0
4988	1
4989	1
4991	0
4993	1
4994	0
4995	2
4996	1
4997	1
4998	1
4999	2
5000	2
5001	2
5002	2
5003	2
5005	2
5006	1
5011	0
5012	1
5013	1
5014	0
5016	1
5017	2
5019	2
5020	2
5021	1
5023	2
5024	1
5025	2
5026	0
5028	1
5029	1
5030	1
5032	0
5034	1
5035	0
5036	1
5038	2
5039	1
5042	2
5045	2
5048	2
5049	1
5051	1
5052	0
5053	2
5054	1
5056	1
5057	2
5058	0
5059	1
5061	2
5063	2
5064	0
5065	2
5066	0
5067	1
5068	1
5070	2
5071	2
5072	1
5073	1
5074	0
5075	2
5077	1
5078	1
5081	1
5082	0
5083	1
5084	0
5085	2
5086	2
5087	0
5088	2
5089	1
5090	2
5091	0
5092	0
5093	2
5095	1
5096	1
5097	1
5098	1
5099	2
5102	2
5103	2
5104	1
5106	2
5107	1
5108	2
5109	1
5110	1
5111	2
5114	1
5115	2
5116	0
5117	0
5118	2
5119	0
5120	0
5122	2
5124	0
5126	2
5127	2
5129	2
5130	2
5131	2
5132	1
5133	1
5134	0
5135	2
5136	1
5137	1
5138	1
5139	2
5141	2
5142	2
5144	2
5145	1
5146	0
5147	2
5148	1
5149	2
5150	0
5152	0
5154	1
5156	2
5157	1
5158	1
5159	1
5160	2
5161	2
5162	2
5163	0
5164	2
5166	0
5167	1
5169	1
5170	2
5173	2
5174	1
5175	1
5177	1
5178	2
5179	2
5180	1
5181	2
5182	2
5184	1
5186	0
5187	1
5188	0
5189	1
5190	0
5191	2
5193	0
5194	2
5195	2
5196	0
5197	2
5198	1
5199	1
5201	2
5202	2
5203	2
5204	1
5205	2
5207	0
5208	2
5210	0
5211	0
5212	0
5213	0
5214	0
5215	2
5217	1
5220	1
5221	1
5222	1
5223	2
5224	2
5225	1
5226	2
5227	1
5228	2
5230	1
5232	2
5233	0
5234	2
5235	2
5237	2
5238	1
5239	1
5240	2
5241	0
5242	0
5243	1
5244	2
5245	2
5246	2
5247	0
5248	2
5249	1
5254	2
5255	1
5256	2
5257	2
5261	1
5262	2
5263	2
5264	2
5265	2
5266	1
5267	2
5269	2
5272	2
5274	2
5276	1
5277	1
5278	2
5279	2
5280	0
5281	1
5283	2
5284	1
5285	2
5286	2
5287	2
5288	0
5289	1
5290	1
5291	0
5293	2
5294	1
5295	2
5298	1
5300	1
5302	2
5304	1
5305	2
5306	1
5307	1
5308	2
5309	2
5311	0
5312	1
5313	2
5316	0
5317	1
5318	0
5319	1
5320	0
5321	2
5322	2
5324	2
5325	1
5326	1
5327	1
5328	2
5329	2
5330	2
5331	2
5333	1
5334	0
5336	2
5337	1
5338	2
5339	1
5340	0
5341	1
5342	1
5344	1
5345	2
5347	2
5348	0
5349	2
5351	0
5353	2
5354	1
5356	2
5366	2
5368	2
5369	0
5370	0
5371	1
5372	2
5373	1
5374	0
5375	1
5376	1
5377	2
5378	0
5380	1
5381	2
5382	0
5385	1
5386	0
5387	0
5388	2
5390	1
5391	2
5393	2
5394	2
5395	1
5396	2
5397	2
5398	2
5399	0
5402	2
5403	0
5404	2
5406	1
5407	0
5408	1
5410	1
5411	2
5412	2
5414	1
5415	2
5416	1
5418	1
5419	0
5421	1
5423	0
5424	1
5425	1
5426	1
5427	0
5428	1
5429	1
5430	1
5431	2
5433	1
5434	2
5435	1
5437	1
5439	2
5440	2
5441	1
5442	2
5444	1
5446	1
5447	1
5448	0
5449	2
5450	2
5452	2
5455	2
5456	1
5458	2
5459	1
5460	2
5461	0
5462	0
5463	1
5465	1
5467	0
5469	2
5470	0
5471	1
5472	1
5474	2
5475	2
5476	1
5477	2
5478	2
5479	2
5480	1
5483	2
5484	1
5485	0
5486	1
5487	2
5488	2
5492	1
5493	2
5494	1
5496	2
5497	2
5498	2
5499	1
5500	2
5501	0
5502	2
5504	1
5505	0
5506	2
5507	2
5508	0
5510	2
5512	1
5513	1
5514	1
5515	1
5518	1
5519	2
5520	2
5521	1
5522	1
5523	0
5524	2
5526	1
5528	2
5529	0
5530	0
5531	1
5532	2
5533	0
5534	2
5536	1
5537	1
5539	2
5540	0
5541	1
5542	1
5543	2
5544	2
5546	1
5547	1
5548	1
5549	1
5550	2
5551	1
5552	1
5553	1
5554	1
5555	1
5558	0
5559	2
5560	0
5562	0
5563	2
5564	1
5565	2
5567	1
5568	1
5569	2
5570	2
5571	1
5572	1
5573	1
5575	1
5577	2
5578	0
5579	1
5580	1
5581	1
5583	2
5584	1
5587	2
5589	2
5592	2
5593	1
5594	2
5595	2
5596	1
5597	0
5598	1
5599	0
5600	1
5602	0
5604	1
5605	1
5606	2
5607	2
5608	2
5609	2
5610	1
5611	2
5612	0
5614	1
5616	0
5618	1
5619	1
5620	2
5622	0
5625	1
5627	2
5628	1
5630	0
5631	1
5632	1
5633	1
5634	2
5635	2
5639	2
5640	1
5641	1
5643	2
5647	2
5648	1
5649	2
5652	2
5653	1
5654	0
5656	0
5657	2
5660	2
5661	1
5663	0
5664	2
5665	1
5666	2
5667	1
5668	0
5669	1
5670	0
5671	1
5672	1
5673	2
5675	1
5676	0
5678	2
5684	0
5686	0
5688	0
5689	2
5690	1
5694	0
5695	2
5696	0
5697	1
5698	2
5699	1
5700	0
5701	1
5702	0
5704	0
5705	1
5707	1
5708	1
5709	2
5710	2
5711	1
5712	2
5713	1
5714	2
5715	2
5716	0
5717	2
5718	0
5720	1
5724	1
5727	2
5728	2
5729	0
5730	2
5731	1
5735	0
5737	0
5738	0
5739	1
5741	0
5743	2
5744	0
5747	1
5749	0
5750	1
5751	2
5752	1
5755	0
5756	2
5758	1
5759	0
5760	2
5763	1
5765	1
5768	2
5770	1
5771	2
5772	0
5774	2
5776	0
5777	2
5778	1
5779	2
5780	2
5782	2
5783	0
5784	1
5785	1
5789	1
5790	1
5793	0
5794	1
5795	2
5796	2
5797	1
5798	0
5799	2
5800	2
5802	2
5803	0
5804	1
5805	1
5807	0
5808	2
5809	2
5811	2
5812	2
5813	2
5814	2
5815	0
5816	2
5818	1
5819	2
5820	2
5822	1
5823	2
5825	1
5826	0
5827	0
5829	1
5830	1
5831	2
5832	1
5833	0
5834	0
5837	0
5839	0
5840	0
5841	1
5842	2
5843	2
5844	1
5845	2
5846	0
5848	1
5849	0
5850	2
5852	1
5853	2
5854	2
5856	1
5858	1
5859	2
5862	2
5863	1
5864	1
5865	1
5866	0
5868	0
5869	2
5870	1
5871	1
5872	2
5873	0
5874	2
5877	2
5878	1
5880	0
5881	2
5882	1
5883	0
5884	2
5888	1
5891	0
5896	2
5897	2
5898	1
5899	1
5900	1
5901	0
5902	1
5904	2
5906	1
5908	2
5910	1
5911	2
5913	2
5914	1
5915	2
5916	2
5917	2
5918	1
5919	1
5920	2
5921	2
5922	2
5923	0
5926	0
5927	2
5928	0
5929	2
5930	1
5932	2
5933	1
5936	1
5937	2
5938	1
5939	1
5940	1
5941	1
5942	2
5943	1
5946	1
5947	1
5948	2
5949	2
5950	2
5951	2
5952	1
5953	0
5954	2
5956	1
5957	0
5960	2
5964	2
5965	2
5966	1
5968	2
5969	0
5971	2
5972	2
5973	1
5975	1
5976	1
5977	2
5981	2
5982	0
5984	2
5985	0
5986	0
5987	2
5988	2
5989	2
5990	1
5991	2
5992	1
5993	2
5994	0
5995	2
5997	1
5998	2
5999	2
6000	2
6001	2
6003	1
6005	2
6007	2
6008	0
6009	2
6010	2
6011	1
6013	2
6014	1
6015	2
6016	1
6017	1
6018	2
6019	1
6023	2
6024	1
6025	2
6027	2
6028	1
6029	0
6030	1
6031	1
6032	2
6034	1
6035	1
6036	1
6037	1
6038	1
6039	1
6040	1
6043	1
6044	1
6045	2
6046	2
6047	1
6048	1
6049	2
6050	2
6052	1
6054	0
6055	2
6058	2
6059	2
6060	1
6061	2
6063	2
6064	1
6065	0
6066	2
6067	0
6069	2
6070	0
6072	2
6073	1
6074	1
6075	2
6076	2
6077	2
6078	2
6080	2
6081	2
6084	1
6085	0
6088	0
6089	1
6090	0
6092	1
6094	0
6095	2
6097	0
6098	2
6099	2
6100	2
6103	1
6104	1
6105	1
6106	1
6107	2
6108	2
6109	2
6114	2
6115	2
6116	2
6117	2
6118	0
6119	2
6120	2
6121	0
6122	2
6123	2
6124	0
6125	0
6127	0
6129	2
6130	0
6131	1
6132	1
6133	2
6134	0
6135	0
6137	2
6139	2
6140	2
6141	2
6142	2
6143	1
6144	2
6145	1
6146	2
6148	0
6149	2
6150	1
6151	0
6152	2
6153	1
6155	1
6157	0
6159	1
6160	1
6161	1
6164	1
6166	0
6167	2
6168	1
6169	1
6170	1
6171	1
6172	2
6174	1
6176	2
6177	1
6178	2
6179	2
6180	1
6181	2
6183	2
6184	1
6185	2
6186	2
6190	0
6192	1
6195	2
6196	2
6197	1
6198	1
6199	1
6200	2
6201	2
6202	0
6204	2
6205	1
6206	1
6208	2
6209	1
6210	1
6212	2
6214	0
6217	0
6219	2
6220	2
6221	0
6223	1
6224	2
6225	0
6226	1
6227	1
6229	1
6230	2
6231	0
6233	2
6234	2
6235	1
6236	2
6237	1
6238	0
6239	2
6240	2
6241	1
6242	1
6243	2
6244	1
6245	1
6247	1
6248	1
6249	2
6251	1
6253	1
6254	1
6255	1
6257	1
6258	2
6259	1
6260	2
6261	1
6262	2
6266	2
6267	0
6269	2
6270	0
6271	2
6272	2
6273	1
6276	1
6277	2
6279	2
6280	0
6282	2
6283	1
6284	1
6285	0
6286	0
6287	2
6289	2
6290	2
6291	0
6293	1
6296	0
6298	1
6299	0
6300	0
6302	2
6303	2
6304	1
6305	2
6306	0
6308	1
6309	2
6310	2
6312	1
6314	1
6316	2
6318	2
6319	0
6321	1
6322	1
6325	2
6326	0
6328	0
6330	0
6331	2
6332	2
6333	1
6334	1
6335	1
6336	1
6338	1
6340	2
6341	2
6342	0
6343	1
6344	2
6345	1
6346	1
6347	2
6349	0
6350	0
6352	2
6353	2
6354	2
6355	1
6357	0
6358	1
6359	0
6360	1
6362	1
6364	1
6365	2
6367	2
6368	1
6370	2
6371	0
6372	1
6374	1
6375	2
6377	1
6379	1
6380	2
6381	1
6382	1
6383	2
6384	1
6386	2
6387	2
6391	1
6392	2
6393	1
6394	0
6395	1
6397	2
6398	0
6399	2
6401	2
6402	2
6405	2
6406	2
6407	1
6408	1
6410	1
6411	1
6412	0
6413	1
6415	0
6416	2
6417	2
6419	2
6424	1
6425	1
6426	2
6427	2
6428	2
6429	2
6430	2
6431	2
6432	2
6434	1
6435	2
6436	1
6437	2
6440	2
6441	2
6442	1
6443	1
6444	1
6445	2
6447	0
6448	1
6449	0
6450	1
6452	1
6453	1
6454	0
6455	0
6456	0
6458	2
6461	2
6462	2
6463	2
6465	2
6466	1
6468	2
6469	2
6470	2
6471	1
6472	2
6473	1
6474	2
6475	1
6476	1
6477	1
6479	2
6481	1
6482	1
6483	2
6484	1
6485	2
6487	1
6488	1
6489	1
6490	1
6491	0
6493	1
6494	1
6495	2
6497	0
6498	0
6499	0
6501	2
6504	2
6505	2
6506	1
6509	2
6510	1
6511	2
6512	1
6513	1
6517	2
6521	2
6522	0
6525	1
6527	2
6528	0
6529	0
6530	1
6531	1
6532	1
6533	1
6534	1
6535	1
6536	0
6537	1
6538	2
6539	2
6540	1
6541	2
6542	2
6543	0
6544	1
6546	2
6548	2
6551	2
6553	1
6554	2
6555	2
6560	2
6561	1
6564	1
6565	1
6567	2
6568	1
6569	2
6572	0
6575	1
6578	2
6579	2
6580	1
6581	2
6582	0
6583	0
6584	0
6586	2
6587	2
6590	2
6591	2
6592	2
6593	2
6594	0
6595	1
6596	2
6597	2
6598	1
6599	2
6600	2
6601	1
6602	1
6603	2
6604	1
6607	1
6609	2
6611	1
6612	2
6615	2
6618	2
6619	2
6620	2
6622	2
6624	2
6625	1
6626	2
6627	1
6628	1
6629	0
6630	2
6631	1
6632	0
6633	0
6636	0
6637	2
6638	2
6640	0
6642	2
6643	0
6644	2
6645	2
6646	0
6647	0
6649	0
6650	1
6651	2
6652	0
6653	0
6654	1
6655	0
6656	1
6657	1
6659	2
6660	1
6661	0
6662	1
6663	1
6664	2
6665	0
6666	0
6667	2
6669	0
6672	2
6673	2
6674	1
6678	1
6679	1
6680	2
6681	2
6683	2
6684	1
6685	1
6686	1
6687	0
6689	2
6690	1
6692	2
6694	2
6697	2
6698	2
6699	1
6702	0
6703	1
6704	1
6705	0
6706	0
6707	1
6710	0
6713	1
6714	2
6715	1
6716	2
6717	0
6718	1
6719	1
6721	2
6722	1
6724	2
6725	1
6728	2
6729	2
6730	2
6732	2
6733	1
6736	0
6737	1
6739	0
6740	2
6744	2
6747	1
6748	1
6749	2
6750	2
6751	2
6753	1
6756	1
6757	2
6758	1
6760	2
6761	2
6763	1
6764	2
6765	1
6766	0
6767	1
6768	0
6769	1
6771	2
6772	2
6773	1
6774	2
6777	2
6778	0
6779	2
6781	0
6782	0
6783	0
6784	1
6785	0
6786	2
6787	1
6788	0
6789	1
6790	1
6791	2
6793	2
6794	1
6795	2
6796	1
6797	2
6798	2
6799	2
6800	2
6802	1
6803	0
6805	2
6806	2
6807	2
6808	1
6811	2
6812	1
6813	2
6814	2
6817	1
6818	2
6819	1
6820	2
6821	1
6822	0
6823	2
6826	0
6827	2
6828	2
6830	0
6831	0
6832	1
6833	0
6835	1
6836	1
6837	0
6838	2
6839	2
6840	2
6841	1
6842	0
6844	1
6845	1
6846	1
6847	1
6848	1
6850	2
6851	0
6852	2
6853	1
6854	1
6855	2
6856	2
6857	1
6858	1
6859	0
6860	0
6861	2
6862	1
6863	0
6866	1
6867	0
6868	1
6869	2
6870	2
6871	1
6872	2
6873	1
6874	2
6875	2
6879	2
6880	1
6881	1
6882	0
6883	1
6884	2
6887	0
6893	0
6894	2
6895	1
6896	0
6897	2
6898	1
6899	2
6900	1
6901	2
6902	0
6903	1
6904	1
6905	1
6906	1
6907	0
6908	0
6912	2
6913	0
6914	1
6915	1
6916	1
6918	1
6919	2
6920	2
6921	0
6922	2
6923	1
6924	2
6925	2
6926	0
6927	1
6929	0
6930	0
6931	2
6932	1
6933	1
6934	1
6935	1
6936	2
6937	2
6938	2
6939	2
6941	2
6942	0
6944	2
6946	0
6947	2
6949	0
6950	1
6951	2
6952	2
6953	1
6954	2
6955	2
6959	1
6960	1
6961	2
6962	1
6964	2
6966	2
6967	2
6968	1
6969	1
6970	0
6971	2
6972	1
6973	0
6974	1
6975	1
6977	1
6978	1
6979	1
6984	2
6985	2
6988	2
6989	1
6991	2
6992	2
6993	0
6995	1
6996	2
6998	2
7000	1
7001	2
7004	1
7007	2
7009	2
7010	1
7012	1
7013	1
7015	0
7016	2
7017	2
7018	2
7019	0
7021	2
7022	1
7023	1
7024	2
7025	1
7027	2
7028	1
7032	0
7033	1
7037	2
7038	2
7039	1
7040	2
7045	0
7047	1
7048	1
7049	1
7050	2
7051	2
7054	1
7056	0
7057	1
7058	1
7060	1
7061	0
7062	1
7063	2
7064	1
7066	1
7068	0
7073	1
7074	1
7076	0
7077	2
7078	1
7080	1
7082	1
7083	2
7084	0
7087	1
7088	2
7089	2
7090	1
7091	1
7093	2
7094	2
7095	2
7096	2
7100	2
7101	1
7103	2
7110	0
7111	0
7112	2
7113	2
7114	2
7115	2
7116	2
7117	1
7118	2
7119	1
7120	1
7123	2
7124	2
7125	2
7128	2
7129	2
7130	0
7133	1
7134	1
7135	0
7136	2
7137	2
7140	1
7145	0
7146	2
7148	1
7149	0
7150	2
7151	1
7152	1
7153	0
7154	2
7156	2
7157	2
7160	0
7161	0
7163	1
7164	2
7166	2
7168	1
7169	2
7170	2
7172	0
7173	2
7174	1
7175	1
7176	2
7178	0
7179	1
7180	1
7182	2
7184	2
7185	2
7186	1
7187	1
7188	2
7190	2
7191	1
7193	2
7194	1
7195	2
7196	2
7198	2
7199	2
7200	1
7201	1
7202	1
7203	1
7206	1
7209	0
7210	1
7213	2
7214	0
7215	2
7217	1
7218	2
7219	2
7220	1
7221	2
7222	2
7223	2
7224	0
7225	0
7226	1
7227	2
7228	0
7229	2
7230	2
7231	1
7232	2
7233	2
7234	0
7235	2
7236	2
7238	2
7239	1
7240	2
7242	1
7243	1
7244	1
7245	1
7246	2
7247	1
7249	1
7250	2
7251	2
7252	1
7253	2
7254	2
7255	2
7258	0
7259	0
7261	0
7262	1
7263	2
7265	2
7266	2
7267	1
7268	2
7269	1
7271	1
7272	1
7273	2
7275	2
7276	1
7277	1
7278	2
7279	0
7280	0
7282	1
7283	2
7284	2
7285	1
7286	2
7287	1
7288	2
7289	2
7291	2
7292	2
7293	2
7294	2
7295	2
7296	2
7297	1
7299	1
7300	2
7301	1
7302	1
7303	0
7306	1
7307	0
7311	0
7312	1
7313	1
7314	2
7315	2
7316	2
7317	0
7318	2
7319	2
7320	2
7321	1
7322	1
7323	1
7324	2
7325	0
7326	1
7327	2
7328	1
7329	2
7332	2
7333	1
7335	2
7336	2
7337	2
7339	0
7341	2
7342	1
7343	2
7344	1
7345	2
7346	1
7347	0
7350	2
7351	1
7352	1
7353	1
7355	1
7356	0
7357	0
7358	0
7359	1
7360	0
7362	0
7363	1
7365	1
7366	0
7367	2
7368	2
7369	2
7370	2
7372	2
7373	0
7374	0
7375	0
7376	1
7377	1
7378	2
7379	1
7380	1
7383	2
7384	0
7385	2
7387	1
7388	2
7389	2
7391	1
7392	1
7393	2
7395	0
7396	2
7397	1
7398	0
7399	2
7400	1
7401	1
7402	2
7404	1
7405	0
7407	1
7408	2
7409	2
7410	0
7411	0
7412	1
7414	1
7415	1
7420	0
7422	1
7423	1
7424	1
7426	2
7429	1
7433	0
7435	1
7436	2
7438	2
7440	1
7442	1
7443	1
7444	2
7445	1
7447	0
7448	1
7449	0
7450	0
7451	2
7452	1
7453	1
7454	1
7456	1
7457	0
7458	1
7461	2
7462	2
7463	2
7464	2
7465	2
7466	1
7467	1
7468	2
7470	1
7471	2
7472	1
7473	1
7475	1
7476	2
7477	1
7478	0
7479	2
7480	0
7481	2
7482	2
7485	0
7486	2
7487	0
7488	2
7489	0
7490	0
7492	2
7496	1
7497	0
7498	2
7502	2
7503	0
7504	2
7507	1
7508	0
7510	1
7511	2
7514	0
7515	0
7516	2
7517	2
7518	1
7520	2
7521	0
7522	2
7523	2
7526	2
7528	2
7530	1
7531	1
7532	0
7533	2
7534	1
7535	2
7536	1
7537	1
7538	2
7539	0
7540	2
7541	2
7542	0
7543	0
7544	0
7545	2
7546	2
7547	1
7549	1
7550	1
7551	0
7553	1
7554	0
7555	1
7556	2
7560	2
7561	0
7562	2
7563	2
7564	1
7565	1
7567	2
7568	2
7569	0
7570	0
7571	1
7574	2
7576	2
7577	2
7578	1
7579	2
7580	1
7583	0
7584	1
7585	2
7586	2
7588	1
7590	1
7593	0
7594	2
7596	1
7598	1
7599	0
7600	2
7601	1
7603	0
7604	1
7606	1
7607	1
7609	2
7610	0
7612	1
7613	1
7614	1
7618	0
7619	0
7620	2
7622	2
7623	0
7624	2
7627	0
7628	1
7629	0
7630	2
7631	1
7633	1
7635	2
7636	1
7638	1
7640	2
7643	2
7644	2
7645	1
7646	2
7647	1
7648	1
7651	1
7653	2
7655	2
7656	2
7658	2
7659	2
7660	2
7661	0
7662	0
7663	1
7664	0
7665	2
7666	2
7668	2
7669	1
7670	1
7671	2
7672	2
7674	0
7675	1
7677	2
7678	2
7681	2
7683	2
7684	1
7685	2
7687	2
7688	0
7689	0
7691	2
7692	1
7694	0
7695	0
7696	1
7698	1
7704	2
7705	1
7706	2
7707	2
7708	2
7709	0
7710	0
7711	1
7712	2
7713	0
7714	1
7716	2
7718	0
7719	1
7720	1
7721	2
7722	2
7723	2
7724	1
7725	2
7726	1
7727	2
7728	0
7729	2
7730	1
7731	1
7733	2
7736	1
7737	1
7738	2
7739	2
7740	1
7741	0
7743	2
7744	1
7746	2
7747	1
7749	0
7750	1
7752	0
7754	1
7755	2
7756	2
7758	1
7759	1
7761	2
7763	1
7764	0
7765	1
7766	1
7769	1
7770	1
7771	2
7772	0
7774	2
7775	2
7776	2
7777	2
7778	1
7779	2
7780	1
7781	2
7782	2
7784	2
7785	2
7786	1
7787	2
7789	1
7790	2
7791	0
7793	1
7795	1
7797	2
7798	1
7800	1
7801	1
7802	2
7803	1
7804	2
7805	1
7806	1
7807	1
7810	0
7812	1
7813	1
7815	0
7817	1
7818	0
7819	1
7820	0
7821	2
7823	1
7826	2
7827	1
7828	2
7829	1
7830	2
7832	0
7833	2
7834	2
7835	1
7836	2
7838	1
7839	2
7840	2
7842	2
7843	1
7844	1
7847	2
7848	2
7849	0
7850	1
7851	1
7852	0
7853	2
7854	1
7855	0
7856	2
7857	2
7858	2
7860	1
7861	0
7862	1
7863	2
7864	1
7865	2
7866	1
7868	0
7869	2
7872	0
7875	1
7877	1
7878	2
7879	2
7881	2
7882	1
7883	1
7884	2
7885	1
7888	1
7889	2
7891	0
7892	2
7894	0
7895	1
7896	0
7897	1
7899	2
7900	2
7901	1
7902	1
7905	2
7909	1
7910	0
7911	1
7912	1
7913	1
7914	1
7915	1
7917	1
7918	2
7920	1
7923	2
7924	2
7925	1
7926	0
7927	2
7929	2
7930	0
7932	0
7934	1
7935	2
7936	2
7937	0
7938	0
7939	1
7940	0
7941	1
7942	2
7944	2
7946	2
7949	2
7950	2
7951	2
7952	0
7953	2
7954	1
7955	2
7956	1
7958	2
7960	2
7961	2
7963	1
7964	1
7965	2
7966	0
7967	1
7968	2
7969	1
7970	1
7971	1
7972	2
7973	1
7974	1
7977	1
7979	0
7981	1
7982	1
7983	1
7984	2
7986	1
7990	2
7991	1
7992	0
7993	0
7994	2
7996	1
7997	0
7998	2
8000	2
8001	2
8002	0
8003	1
8005	2
8006	2
8007	0
8008	1
8009	1
8010	2
8011	1
8012	1
8014	1
8016	2
8017	2
8019	1
8020	1
8022	1
8023	2
8024	2
8026	2
8028	1
8029	2
8030	2
8032	1
8034	1
8037	2
8038	2
8040	2
8041	2
8042	2
8046	1
8047	1
8048	2
8050	1
8053	1
8054	0
8055	1
8057	2
8058	1
8061	2
8062	1
8063	0
8064	2
8065	0
8067	1
8069	1
8071	1
8072	0
8073	1
8074	0
8075	0
8076	2
8077	2
8079	2
8080	1
8081	0
8082	1
8083	1
8085	1
8086	2
8088	2
8089	2
8090	1
8091	1
8093	1
8094	2
8095	2
8096	1
8098	2
8099	2
8100	1
8102	1
8103	2
8104	2
8105	1
8106	2
8107	0
8109	2
8110	1
8111	2
8112	0
8114	0
8115	1
8116	0
8117	1
8118	1
8119	0
8120	2
8121	1
8122	2
8123	1
8124	1
8125	1
8127	0
8128	2
8129	2
8130	0
8131	1
8132	1
8133	1
8135	0
8137	0
8138	0
8142	0
8143	0
8144	0
8146	0
8147	1
8148	2
8151	0
8152	1
8153	1
8154	1
8155	0
8156	0
8157	0
8159	0
8160	2
8161	1
8162	2
8164	0
8165	0
8167	1
8172	2
8173	2
8175	2
8176	1
8177	2
8178	2
8179	0
8180	2
8181	1
8184	1
8186	1
8190	2
8191	1
8192	1
8193	1
8195	2
8196	1
8197	0
8198	2
8199	1
8200	0
8201	2
8202	2
8203	0
8205	1
8206	2
8207	2
8208	2
8211	1
8217	0
8218	2
8219	1
8221	2
8222	0
8223	2
8224	1
8225	2
8227	2
8230	2
8231	1
8232	2
8233	1
8235	2
8236	2
8239	1
8241	0
8242	0
8243	1
8244	0
8247	2
8249	2
8250	1
8251	0
8252	1
8253	2
8256	0
8257	1
8260	2
8262	0
8263	1
8264	1
8266	2
8271	2
8272	1
8275	2
8277	1
8278	2
8279	1
8280	1
8281	1
8282	0
8283	1
8286	1
8288	2
8289	1
8290	2
8291	2
8293	2
8294	1
8295	2
8296	2
8299	2
8300	2
8301	2
8302	1
8303	1
8304	2
8308	1
8309	2
8312	2
8313	2
8314	1
8316	1
8317	1
8319	1
8320	1
8321	1
8322	2
8323	2
8325	1
8326	0
8327	1
8328	1
8329	2
8330	1
8331	2
8333	1
8334	1
8335	2
8338	1
8339	2
8340	0
8342	2
8343	1
8344	2
8345	1
8347	2
8348	1
8349	2
8350	0
8351	2
8352	2
8353	1
8355	0
8356	1
8357	0
8358	1
8359	1
8360	1
8361	1
8362	2
8364	1
8367	2
8368	0
8369	2
8371	2
8372	1
8375	1
8376	1
8377	2
8378	1
8379	2
8380	2
8381	1
8382	2
8383	1
8384	2
8385	1
8387	2
8388	0
8390	2
8391	2
8392	1
8393	0
8395	1
8396	2
8397	1
8398	1
8399	1
8400	1
8401	1
8402	1
8403	2
8404	0
8405	1
8406	1
8411	0
8414	2
8415	1
8417	2
8418	2
8419	2
8421	1
8423	0
8424	2
8425	2
8426	2
8427	2
8431	1
8433	0
8434	1
8435	1
8436	2
8437	2
8440	1
8441	0
8443	2
8444	1
8445	1
8447	0
8448	1
8449	1
8451	2
8453	1
8454	0
8455	2
8456	1
8457	1
8458	1
8459	1
8461	0
8462	2
8463	1
8465	2
8467	2
8469	1
8470	1
8471	0
8472	1
8473	2
8474	0
8475	2
8476	1
8477	0
8478	1
8479	1
8480	0
8481	1
8482	1
8483	1
8485	2
8488	1
8489	0
8490	1
8491	1
8493	1
8495	2
8497	2
8498	2
8499	2
8500	2
8501	1
8502	1
8503	1
8504	2
8505	1
8506	2
8508	2
8509	1
8510	1
8511	0
8513	2
8514	2
8515	1
8516	0
8517	0
8520	1
8521	1
8522	2
8525	1
8526	1
8527	2
8529	1
8530	0
8531	1
8532	0
8534	2
8535	0
8537	0
8538	2
8540	2
8541	2
8542	1
8543	2
8544	2
8545	2
8546	2
8548	1
8549	1
8550	1
8552	2
8554	1
8555	2
8557	2
8561	1
8562	1
8563	1
8564	0
8565	2
8566	1
8568	2
8569	1
8571	2
8572	0
8573	1
8575	2
8576	2
8578	0
8579	0
8580	2
8582	0
8583	1
8584	0
8586	2
8588	2
8591	2
8594	2
8595	1
8597	1
8598	2
8599	0
8600	0
8601	0
8606	1
8608	1
8610	0
8611	2
8613	0
8616	0
8617	0
8618	1
8619	1
8621	1
8623	2
8624	0
8626	2
8627	2
8628	0
8629	2
8633	1
8635	1
8641	2
8642	1
8643	1
8645	2
8647	1
8648	1
8651	2
8652	0
8653	1
8655	2
8656	1
8657	0
8660	1
8661	0
8663	0
8664	1
8665	0
8666	1
8667	1
8668	2
8669	1
8670	0
8671	1
8672	2
8673	1
8674	1
8675	0
8677	0
8679	1
8680	2
8681	1
8682	1
8684	2
8685	1
8686	2
8687	1
8688	1
8690	2
8691	2
8693	2
8694	2
8696	0
8697	2
8698	1
8700	1
8701	2
8702	1
8703	1
8704	0
8705	1
8707	0
8708	2
8709	2
8710	2
8713	2
8715	1
8716	2
8717	1
8718	0
8721	0
8723	1
8724	2
8726	2
8727	1
8728	1
8729	1
8730	1
8731	1
8732	1
8734	2
8735	0
8736	0
8737	0
8739	2
8741	2
8743	1
8744	1
8746	1
8747	1
8748	0
8749	1
8750	2
8751	0
8752	2
8753	1
8754	1
8755	2
8756	2
8757	0
8758	1
8759	1
8762	1
8763	1
8764	2
8766	2
8767	1
8769	1
8770	0
8771	1
8772	1
8773	1
8774	2
8777	1
8779	2
8780	0
8781	1
8782	0
8783	1
8784	2
8788	1
8790	0
8791	1
8792	2
8794	1
8795	1
8796	2
8797	2
8798	1
8799	2
8800	2
8801	0
8803	1
8804	1
8806	1
8807	1
8808	1
8809	1
8810	0
8811	2
8812	1
8813	1
8814	2
8815	1
8816	1
8817	1
8819	0
8822	1
8823	1
8827	2
8828	2
8829	0
8830	1
8831	1
8832	1
8834	1
8838	2
8839	2
8840	1
8841	0
8842	1
8843	0
8848	2
8851	1
8852	2
8853	2
8854	2
8855	2
8856	2
8857	1
8858	0
8859	2
8860	0
8861	2
8862	1
8864	0
8865	1
8866	0
8868	2
8869	1
8871	1
8872	2
8873	0
8874	2
8875	1
8876	1
8877	2
8879	0
8880	2
8881	2
8885	0
8886	2
8887	2
8888	0
8891	1
8893	2
8894	1
8895	2
8897	1
8898	2
8899	1
8901	2
8905	1
8906	2
8907	0
8908	2
8910	0
8912	2
8915	1
8916	1
8917	1
8918	2
8919	0
8920	0
8921	2
8922	2
8923	2
8924	1
8925	0
8927	0
8928	1
8929	2
8930	1
8931	1
8932	1
8933	1
8934	1
8935	1
8936	1
8937	0
8938	2
8939	1
8940	0
8941	0
8942	2
8943	1
8945	2
8947	0
8948	0
8950	0
8951	2
8952	0
8955	1
8956	1
8957	1
8959	0
8960	0
8961	1
8962	2
8964	0
8965	0
8967	1
8968	1
8969	2
8970	0
8971	2
8972	1
8974	1
8976	0
8977	2
8979	2
8980	1
8981	2
8982	2
8986	2
8987	1
8988	1
8989	1
8991	2
8992	1
8994	1
8995	1
8996	2
8997	2
8998	2
9000	2
9001	1
9003	2
9004	0
9005	1
9006	1
9007	1
9008	2
9010	2
9012	1
9013	2
9014	2
9015	2
9016	2
9017	0
9022	1
9023	2
9026	1
9027	0
9029	0
9030	0
9031	0
9032	1
9033	1
9035	1
9039	2
9040	1
9041	2
9042	1
9044	0
9045	1
9046	2
9047	2
9048	2
9049	2
9050	1
9051	1
9053	2
9055	2
9056	2
9058	1
9059	1
9060	2
9061	2
9062	0
9063	2
9064	2
9065	0
9066	0
9068	1
9069	1
9070	2
9073	0
9077	1
9078	2
9080	0
9081	1
9083	2
9086	2
9087	2
9088	0
9089	2
9092	1
9094	1
9096	2
9098	1
9103	1
9104	0
9106	1
9108	1
9109	0
9110	1
9112	2
9113	1
9114	1
9115	1
9116	0
9117	1
9120	0
9122	1
9123	1
9124	1
9125	2
9126	2
9127	1
9129	2
9130	2
9131	2
9132	1
9135	0
9136	2
9137	1
9138	1
9139	1
9140	1
9141	1
9144	2
9145	1
9148	2
9149	1
9151	1
9152	1
9153	1
9154	0
9156	2
9158	1
9159	2
9160	0
9161	0
9162	0
9163	1
9165	1
9166	0
9167	2
9170	1
9171	2
9172	2
9173	1
9174	2
9175	2
9176	1
9177	1
9179	1
9181	1
9182	2
9183	2
9184	2
9186	0
9188	2
9189	1
9190	1
9191	1
9192	2
9193	2
9195	2
9197	2
9199	2
9200	0
9201	2
9202	1
9203	2
9204	1
9207	1
9208	0
9210	2
9213	1
9215	0
9216	1
9217	2
9218	0
9220	2
9221	0
9222	1
9223	2
9224	2
9225	1
9226	1
9227	1
9229	0
9230	2
9231	2
9232	2
9233	1
9237	1
9238	2
9239	2
9240	1
9241	2
9243	2
9245	1
9246	0
9247	0
9249	1
9250	2
9252	1
9255	0
9256	1
9257	1
9260	1
9261	2
9262	2
9263	2
9264	2
9266	1
9268	2
9270	0
9271	1
9272	1
9273	2
9274	2
9275	2
9277	1
9279	2
9280	0
9282	0
9283	1
9287	0
9289	1
9290	2
9293	1
9294	0
9295	2
9296	2
9299	0
9301	0
9302	1
9303	2
9306	0
9307	1
9309	1
9310	0
9311	2
9312	1
9314	0
9315	2
9318	1
9319	0
9322	1
9324	2
9326	2
9328	2
9333	1
9334	1
9335	2
9336	0
9338	1
9339	0
9340	2
9341	2
9342	2
9343	2
9344	2
9345	2
9346	1
9347	1
9350	1
9351	1
9352	1
9354	1
9355	1
9357	1
9358	1
9360	1
9362	2
9363	1
9364	1
9365	2
9366	2
9369	0
9370	0
9372	1
9373	0
9374	2
9375	2
9376	2
9377	1
9379	2
9380	1
9381	2
9384	1
9388	2
9389	2
9390	2
9391	2
9392	1
9393	0
9394	2
9395	0
9396	1
9398	2
9399	1
9400	2
9402	2
9403	1
9404	1
9406	2
9408	1
9409	2
9410	1
9411	0
9412	2
9414	2
9416	2
9417	2
9418	1
9419	1
9422	2
9424	2
9428	1
9429	2
9431	2
9432	0
9433	1
9434	0
9435	1
9436	2
9437	2
9438	1
9439	2
9440	2
9442	2
9443	2
9444	1
9445	2
9446	0
9449	0
9450	1
9451	2
9452	2
9453	2
9454	0
9455	1
9456	0
9457	1
9458	2
9459	0
9461	2
9462	2
9463	1
9464	2
9466	0
9467	2
9468	2
9469	1
9470	1
9471	2
9472	1
9473	1
9474	2
9475	1
9476	2
9477	2
9478	0
9480	1
9481	1
9482	1
9483	2
9484	2
9485	1
9487	1
9488	2
9489	0
9490	2
9491	2
9492	1
9493	1
9494	1
9496	2
9497	1
9499	2
9502	1
9503	1
9504	1
9505	2
9508	1
9509	2
9512	2
9514	2
9515	2
9516	1
9517	0
9518	1
9519	2
9520	0
9522	2
9523	1
9525	2
9526	1
9527	2
9529	2
9532	2
9533	1
9534	2
9537	0
9538	2
9540	1
9541	2
9542	0
9544	2
9545	2
9547	0
9548	1
9549	0
9551	2
9553	1
9554	2
9557	2
9558	2
9561	2
9562	1
9564	2
9565	2
9566	2
9568	1
9571	0
9572	1
9573	0
9574	2
9576	2
9577	0
9579	0
9580	0
9581	1
9583	2
9584	2
9585	1
9586	0
9587	2
9588	2
9589	0
9590	2
9593	1
9594	1
9595	2
9596	2
9597	1
9599	1
9600	1
9602	2
9603	2
9604	1
9605	1
9606	2
9608	2
9609	1
9611	2
9612	2
9613	1
9616	2
9617	1
9618	2
9619	1
9621	2
9624	2
9625	0
9626	1
9627	1
9628	1
9630	2
9633	0
9634	1
9635	0
9636	1
9639	2
9640	1
9643	1
9644	1
9645	0
9646	2
9647	0
9648	1
9649	1
9650	0
9652	1
9653	1
9654	0
9655	0
9656	2
9657	2
9658	2
9660	1
9661	0
9663	0
9664	2
9665	0
9667	0
9669	1
9670	0
9671	0
9672	2
9673	2
9674	2
9675	0
9678	1
9681	1
9682	0
9683	0
9684	0
9685	1
9687	1
9688	2
9689	1
9690	1
9691	0
9692	2
9693	1
9694	0
9695	1
9698	1
9702	2
9703	2
9704	2
9707	2
9708	2
9711	1
9712	2
9713	1
9714	2
9715	0
9716	1
9717	2
9718	1
9720	1
9721	1
9722	1
9723	2
9724	0
9725	1
9726	1
9727	2
9728	0
9730	2
9731	1
9732	1
9734	2
9735	1
9737	2
9738	1
9739	1
9740	1
9742	1
9743	2
9744	2
9745	0
9746	0
9747	1
9749	1
9750	1
9752	2
9756	0
9757	2
9758	2
9762	0
9763	2
9764	2
9765	1
9766	0
9768	1
9769	1
9770	0
9771	2
9772	1
9775	0
9777	2
9778	2
9781	2
9783	2
9785	0
9786	2
9787	2
9788	2
9789	2
9791	2
9792	2
9793	2
9796	0
9797	0
9803	2
9804	2
9805	2
9806	2
9810	0
9816	0
9817	0
9821	0
9829	0
9831	0
9832	0
9843	0
9849	0
9858	0
9862	0
9870	0
9871	0
9874	0
9877	0
9883	0
9886	0
9900	0
9917	0
9920	0
9925	0
9932	0
9941	0
9944	0
9951	0
9953	0
9956	0
9960	0
9966	0
9976	0
9987	0
9988	0
9998	0
10013	0
10021	0
10038	0
10046	0
10048	0
10049	0
10053	0
10059	0
10061	0
10063	0
10074	0
10079	0
