0
1
2
4
5
6
7
9
10
11
12
13
15
16
17
18
19
20
22
23
24
26
27
28
31
34
35
38
40
41
45
46
47
48
49
51
54
57
58
59
60
62
64
65
67
68
69
70
71
72
73
75
77
78
79
80
81
83
84
85
86
87
88
91
93
96
97
98
99
100
101
102
103
105
107
108
109
110
112
113
115
116
117
118
119
120
121
122
123
124
128
129
130
131
132
133
134
135
136
138
139
140
141
142
143
144
145
146
147
148
149
150
152
153
154
155
156
159
160
164
166
167
168
169
170
172
174
175
176
177
179
180
181
182
185
188
191
192
193
194
196
198
201
202
203
204
205
206
207
208
209
210
211
212
213
214
216
218
221
223
226
227
228
229
231
232
234
235
236
237
238
239
242
244
245
247
248
251
253
254
257
258
260
261
262
264
265
266
267
268
269
272
273
274
277
278
279
282
283
284
285
286
287
288
290
293
294
295
296
298
300
301
303
304
306
307
308
311
312
313
314
317
318
319
323
324
325
326
327
329
330
331
332
333
335
336
337
338
339
343
344
348
349
350
351
352
353
355
357
358
359
360
361
362
366
367
370
371
372
373
374
377
378
381
382
383
384
385
386
387
388
390
392
393
395
396
397
398
400
401
403
404
406
407
408
409
410
411
413
415
417
419
420
421
423
424
425
426
427
428
429
430
431
432
434
435
437
438
439
440
442
443
444
445
446
448
449
452
453
454
455
456
457
459
460
461
465
466
467
468
470
471
472
474
475
477
478
479
480
481
482
483
486
487
488
489
490
491
493
494
495
496
498
500
501
503
504
506
507
508
509
510
512
513
514
515
516
518
523
524
526
528
529
531
533
534
536
538
541
542
543
544
545
546
547
549
551
552
553
554
555
556
561
562
563
564
567
569
570
571
573
574
576
577
579
581
582
583
584
585
586
587
590
591
592
593
595
596
597
598
600
601
602
603
604
605
609
611
612
613
614
616
617
619
620
621
622
623
624
625
626
628
629
630
632
633
634
636
637
638
640
641
642
643
644
645
646
647
649
650
651
652
653
654
655
656
657
659
661
662
664
667
668
670
672
676
677
678
679
680
681
682
684
685
686
687
689
690
691
693
694
696
698
699
700
705
706
707
708
709
710
711
712
714
715
716
717
718
720
721
722
723
725
726
727
728
729
730
731
733
735
736
737
738
739
741
743
746
749
750
751
752
753
754
755
756
758
759
761
762
764
765
766
767
768
769
770
772
776
777
778
779
780
781
782
784
785
786
787
788
789
790
791
792
793
797
800
802
803
804
805
806
807
808
809
810
812
813
814
815
817
818
819
820
821
822
825
826
828
829
830
831
832
833
834
835
836
837
838
840
841
843
844
845
846
847
848
849
850
853
854
855
856
857
858
859
862
864
865
867
869
871
872
873
874
877
878
880
881
882
883
884
885
887
888
889
891
892
894
895
896
897
898
899
901
902
903
904
905
906
908
909
910
912
913
915
916
917
918
920
921
923
924
926
927
928
929
931
932
933
934
935
937
938
939
941
942
944
945
946
947
948
949
950
951
952
953
954
957
958
959
960
961
962
963
964
966
969
970
972
973
974
975
976
977
978
979
980
981
982
983
984
985
986
987
989
991
992
994
996
997
998
1000
1001
1004
1006
1007
1008
1011
1012
1013
1015
1016
1017
1018
1019
1021
1022
1023
1024
1025
1027
1028
1029
1031
1032
1033
1034
1035
1036
1037
1038
1040
1043
1044
1045
1046
1048
1050
1051
1052
1053
1054
1055
1056
1057
1058
1059
1060
1061
1062
1063
1064
1066
1067
1068
1069
1071
1072
1075
1076
1077
1078
1079
1080
1081
1084
1085
1086
1089
1090
1091
1092
1093
1094
1096
1098
1099
1100
1101
1102
1103
1104
1106
1107
1108
1110
1111
1112
1113
1114
1115
1118
1119
1120
1121
1122
1123
1125
1127
1129
1130
1131
1133
1134
1135
1136
1137
1138
1139
1140
1141
1142
1144
1146
1147
1148
1149
1150
1151
1152
1153
1155
1156
1158
1159
1161
1162
1165
1166
1167
1169
1172
1174
1175
1176
1177
1178
1180
1183
1184
1185
1186
1187
1188
1189
1190
1191
1192
1194
1197
1198
1201
1202
1204
1205
1206
1207
1208
1209
1210
1211
1212
1213
1215
1216
1219
1221
1222
1223
1224
1225
1226
1227
1228
1229
1230
1231
1232
1233
1234
1235
1236
1237
1238
1239
1240
1241
1242
1244
1245
1246
1247
1248
1249
1251
1252
1253
1255
1257
1260
1261
1263
1264
1265
1266
1268
1269
1270
1271
1272
1273
1274
1275
1276
1277
1280
1281
1282
1286
1287
1289
1292
1294
1296
1297
1298
1299
1300
1301
1303
1304
1306
1307
1309
1310
1311
1312
1313
1314
1315
1316
1317
1318
1319
1321
1322
1323
1324
1325
1327
1328
1329
1330
1333
1334
1337
1338
1339
1342
1343
1345
1347
1349
1350
1351
1352
1353
1354
1356
1358
1360
1363
1365
1366
1367
1368
1369
1370
1373
1374
1375
1377
1378
1379
1384
1385
1386
1388
1389
1391
1393
1394
1395
1396
1398
1400
1401
1402
1403
1404
1405
1407
1408
1409
1410
1411
1412
1414
1415
1416
1417
1418
1420
1422
1423
1424
1425
1427
1428
1430
1432
1433
1436
1437
1438
1439
1442
1443
1446
1447
1448
1450
1451
1452
1453
1454
1455
1456
1459
1462
1463
1464
1466
1467
1468
1469
1470
1471
1473
1474
1475
1477
1478
1479
1480
1481
1482
1484
1485
1488
1489
1490
1491
1493
1494
1495
1497
1498
1499
1501
1503
1504
1505
1506
1507
1509
1510
1511
1512
1513
1514
1515
1517
1518
1521
1523
1526
1528
1529
1531
1533
1537
1538
1539
1540
1541
1542
1544
1545
1546
1547
1548
1549
1550
1552
1553
1554
1555
1557
1558
1559
1560
1561
1563
1564
1565
1567
1568
1569
1570
1572
1573
1574
1575
1576
1578
1579
1581
1582
1583
1584
1585
1586
1587
1588
1590
1591
1593
1594
1595
1596
1597
1598
1599
1601
1602
1603
1605
1606
1607
1611
1612
1613
1614
1615
1616
1617
1618
1619
1620
1621
1622
1624
1625
1628
1629
1631
1632
1633
1635
1637
1638
1639
1640
1641
1643
1644
1645
1646
1647
1650
1651
1652
1653
1654
1656
1657
1658
1659
1660
1663
1664
1665
1667
1668
1669
1672
1673
1674
1675
1676
1678
1681
1682
1683
1684
1685
1687
1688
1689
1690
1691
1692
1693
1694
1695
1697
1700
1701
1702
1703
1704
1707
1708
1710
1714
1715
1716
1717
1718
1719
1720
1721
1722
1723
1724
1726
1728
1730
1732
1733
1736
1737
1738
1740
1742
1744
1745
1748
1752
1753
1754
1755
1756
1757
1758
1759
1760
1761
1762
1763
1764
1766
1767
1768
1769
1770
1771
1774
1775
1776
1777
1779
1781
1783
1784
1785
1787
1789
1791
1792
1794
1795
1796
1797
1799
1802
1805
1806
1807
1809
1810
1811
1813
1814
1815
1816
1817
1818
1819
1821
1823
1825
1828
1830
1832
1833
1834
1835
1837
1838
1839
1840
1841
1842
1843
1844
1846
1847
1851
1852
1854
1856
1857
1858
1859
1862
1863
1864
1865
1867
1869
1870
1871
1872
1874
1875
1876
1877
1878
1880
1881
1882
1883
1884
1885
1887
1888
1889
1890
1891
1893
1895
1896
1897
1899
1900
1902
1904
1905
1907
1908
1909
1910
1911
1915
1916
1917
1918
1920
1921
1922
1923
1924
1927
1928
1929
1930
1935
1936
1937
1938
1939
1940
1942
1943
1945
1946
1947
1949
1951
1952
1954
1955
1958
1960
1961
1962
1963
1965
1966
1967
1969
1970
1972
1973
1974
1977
1980
1981
1983
1984
1986
1987
1988
1989
1992
1994
1995
1996
1998
2000
2001
2004
2006
2007
2008
2009
2010
2011
2013
2014
2015
2017
2019
2020
2022
2023
2024
2025
2026
2027
2028
2029
2031
2032
2034
2035
2037
2038
2039
2040
2041
2042
2044
2045
2046
2048
2049
2051
2052
2053
2054
2055
2056
2060
2061
2062
2063
2064
2069
2071
2072
2073
2074
2077
2078
2079
2080
2081
2083
2084
2085
2086
2087
2088
2089
2090
2091
2092
2093
2094
2095
2096
2098
2099
2100
2101
2103
2104
2105
2107
2108
2109
2110
2111
2112
2113
2114
2115
2116
2117
2118
2119
2120
2121
2122
2123
2124
2126
2128
2130
2132
2133
2134
2136
2137
2138
2139
2140
2142
2143
2146
2147
2148
2149
2150
2151
2152
2153
2154
2156
2157
2158
2159
2160
2163
2164
2165
2166
2167
2169
2170
2172
2175
2176
2177
2178
2179
2180
2182
2183
2184
2185
2186
2187
2188
2189
2193
2194
2195
2196
2197
2198
2199
2200
2202
2203
2206
2207
2208
2209
2211
2212
2213
2214
2215
2216
2217
2218
2219
2220
2222
2223
2224
2226
2228
2229
2230
2232
2233
2234
2235
2238
2239
2240
2241
2242
2243
2244
2246
2247
2248
2249
2251
2252
2254
2255
2256
2258
2259
2261
2262
2263
2267
2268
2269
2270
2271
2272
2273
2274
2275
2277
2278
2280
2281
2283
2284
2286
2289
2291
2292
2293
2294
2295
2297
2298
2300
2301
2302
2303
2304
2305
2306
2308
2309
2310
2311
2312
2313
2316
2317
2319
2320
2322
2323
2324
2325
2326
2328
2329
2330
2331
2333
2334
2335
2336
2337
2338
2339
2341
2342
2343
2344
2346
2348
2351
2352
2355
2357
2359
2360
2361
2362
2364
2365
2366
2367
2368
2369
2370
2371
2372
2373
2377
2380
2381
2382
2383
2384
2385
2386
2387
2388
2389
2391
2393
2395
2397
2398
2401
2402
2406
2408
2409
2412
2413
2414
2415
2416
2417
2420
2422
2425
2426
2428
2430
2431
2432
2434
2435
2436
2437
2438
2439
2440
2441
2442
2446
2449
2450
2451
2452
2455
2456
2457
2458
2459
2460
2461
2462
2463
2464
2466
2470
2471
2472
2474
2475
2477
2478
2479
2480
2481
2484
2485
2487
2488
2489
2490
2492
2493
2494
2496
2497
2498
2500
2501
2503
2504
2505
2506
2507
2508
2509
2512
2513
2514
2515
2516
2517
2518
2519
2520
2521
2522
2523
2524
2525
2526
2527
2528
2529
2530
2532
2533
2534
2536
2537
2538
2539
2541
2543
2544
2545
2546
2548
2549
2550
2551
2552
2553
2554
2557
2558
2559
2560
2561
2562
2563
2566
2567
2569
2570
2571
2572
2573
2577
2579
2580
2581
2582
2583
2584
2585
2588
2590
2591
2592
2593
2594
2595
2596
2597
2599
2600
2602
2604
2605
2606
2608
2609
2611
2612
2615
2616
2620
2622
2623
2624
2625
2627
2628
2631
2634
2638
2640
2641
2642
2644
2645
2646
2647
2648
2649
2650
2654
2655
2656
2657
2658
2659
2661
2662
2664
2665
2666
2667
2668
2670
2672
2673
2674
2676
2677
2678
2679
2680
2681
2685
2686
2688
2689
2690
2691
2692
2693
2695
2697
2699
2700
2701
2702
2703
2704
2705
2707
2708
2712
2713
2714
2716
2717
2718
2719
2720
2722
2724
2725
2727
2728
2729
2730
2731
2732
2733
2734
2735
2736
2738
2740
2741
2744
2745
2746
2748
2749
2752
2753
2754
2755
2756
2758
2759
2765
2766
2767
2768
2769
2771
2773
2774
2775
2776
2778
2780
2781
2783
2784
2785
2786
2789
2790
2793
2794
2795
2796
2797
2798
2800
2802
2803
2804
2806
2807
2812
2813
2814
2815
2821
2823
2824
2825
2826
2827
2828
2831
2833
2835
2836
2837
2838
2841
2842
2843
2845
2846
2847
2849
2851
2852
2853
2854
2857
2858
2859
2860
2862
2863
2864
2865
2866
2867
2868
2869
2870
2872
2873
2874
2875
2877
2879
2880
2881
2882
2884
2885
2886
2887
2890
2891
2892
2895
2896
2897
2898
2901
2902
2903
2907
2909
2910
2911
2912
2914
2915
2917
2919
2920
2921
2925
2927
2928
2929
2930
2931
2933
2935
2936
2937
2938
2939
2940
2941
2943
2944
2945
2948
2949
2950
2951
2953
2954
2955
2957
2960
2961
2962
2963
2964
2965
2966
2967
2968
2969
2971
2972
2973
2974
2975
2978
2980
2981
2982
2983
2984
2985
2987
2988
2989
2990
2991
2992
2993
2994
2995
2996
2997
2999
3000
3001
3002
3004
3005
3006
3010
3011
3012
3013
3014
3015
3017
3018
3019
3020
3022
3026
3027
3029
3030
3034
3035
3036
3037
3038
3040
3041
3043
3046
3048
3049
3050
3052
3054
3055
3057
3058
3059
3060
3061
3062
3068
3069
3073
3074
3075
3076
3077
3079
3081
3082
3083
3084
3086
3087
3089
3090
3092
3093
3095
3097
3099
3100
3102
3104
3105
3107
3108
3110
3111
3112
3113
3118
3119
3121
3123
3124
3125
3126
3127
3128
3129
3130
3132
3133
3135
3136
3137
3138
3141
3142
3143
3145
3146
3148
3151
3153
3154
3156
3159
3160
3161
3162
3163
3164
3165
3166
3167
3168
3170
3171
3172
3173
3174
3179
3180
3181
3182
3184
3185
3186
3187
3190
3191
3192
3193
3195
3196
3197
3198
3200
3201
3203
3205
3206
3207
3209
3210
3211
3214
3215
3217
3218
3219
3220
3221
3222
3223
3224
3226
3227
3228
3229
3230
3232
3233
3236
3237
3239
3240
3241
3244
3245
3246
3248
3249
3250
3252
3253
3254
3255
3256
3257
3259
3260
3261
3262
3264
3266
3267
3268
3269
3270
3271
3272
3273
3274
3275
3276
3277
3278
3279
3280
3281
3284
3285
3286
3287
3288
3289
3290
3291
3292
3293
3294
3296
3298
3299
3300
3301
3303
3304
3305
3306
3307
3309
3310
3311
3313
3314
3315
3316
3317
3318
3319
3320
3322
3323
3324
3325
3326
3327
3328
3331
3332
3333
3334
3335
3336
3337
3340
3341
3342
3343
3345
3346
3347
3348
3350
3351
3352
3353
3354
3356
3357
3358
3359
3360
3361
3362
3364
3365
3366
3369
3370
3371
3372
3374
3376
3379
3380
3381
3383
3384
3385
3387
3389
3390
3391
3392
3393
3395
3396
3397
3398
3399
3400
3402
3403
3404
3405
3406
3407
3408
3409
3410
3412
3414
3415
3417
3418
3419
3420
3421
3422
3424
3425
3427
3428
3429
3434
3435
3438
3439
3440
3441
3442
3445
3447
3448
3449
3450
3451
3452
3453
3455
3456
3457
3459
3461
3462
3463
3464
3465
3466
3468
3469
3472
3473
3475
3476
3477
3478
3480
3481
3483
3484
3485
3486
3487
3488
3489
3490
3491
3492
3493
3494
3495
3496
3499
3501
3503
3504
3505
3506
3509
3511
3516
3517
3520
3522
3523
3524
3526
3527
3531
3532
3534
3535
3537
3538
3540
3541
3542
3543
3544
3545
3548
3550
3553
3554
3556
3557
3558
3560
3561
3563
3565
3566
3567
3568
3570
3571
3572
3573
3574
3575
3576
3577
3579
3580
3582
3583
3584
3585
3588
3590
3591
3592
3593
3595
3598
3599
3600
3601
3602
3604
3606
3607
3609
3611
3616
3617
3618
3619
3620
3621
3622
3623
3624
3625
3629
3630
3631
3632
3634
3635
3637
3639
3640
3641
3642
3643
3644
3645
3646
3647
3648
3649
3650
3651
3653
3654
3655
3658
3659
3663
3664
3665
3666
3667
3671
3672
3673
3674
3675
3677
3679
3680
3681
3683
3686
3687
3689
3690
3691
3692
3693
3695
3696
3698
3699
3701
3702
3703
3704
3705
3707
3708
3709
3710
3712
3713
3714
3715
3716
3717
3719
3720
3721
3722
3723
3725
3726
3727
3728
3729
3731
3733
3735
3736
3738
3739
3742
3743
3744
3745
3746
3747
3748
3751
3753
3754
3755
3756
3757
3760
3761
3762
3763
3764
3766
3768
3770
3771
3772
3773
3775
3776
3778
3779
3780
3781
3782
3785
3787
3788
3789
3790
3792
3793
3794
3795
3799
3800
3801
3803
3805
3807
3808
3809
3810
3813
3814
3816
3817
3818
3821
3822
3823
3824
3825
3827
3831
3834
3839
3840
3846
3848
3849
3850
3851
3852
3853
3855
3858
3860
3861
3863
3864
3866
3867
3868
3869
3871
3872
3874
3875
3876
3877
3878
3879
3880
3881
3883
3884
3885
3886
3888
3890
3893
3895
3896
3897
3899
3900
3901
3903
3905
3906
3907
3908
3909
3911
3912
3916
3918
3919
3920
3922
3923
3924
3926
3927
3928
3929
3930
3931
3932
3934
3935
3936
3937
3938
3939
3940
3941
3942
3943
3945
3946
3947
3948
3951
3952
3955
3956
3958
3960
3961
3963
3965
3966
3967
3968
3969
3970
3971
3972
3977
3978
3979
3980
3981
3983
3984
3985
3987
3989
3990
3991
3992
3993
3996
3997
3999
4001
4004
4006
4007
4008
4009
4010
4011
4012
4013
4015
4016
4017
4018
4019
4020
4021
4024
4025
4026
4027
4028
4030
4031
4033
4035
4036
4038
4039
4040
4041
4042
4043
4045
4046
4049
4051
4052
4054
4055
4056
4057
4058
4059
4060
4061
4062
4063
4064
4067
4068
4070
4071
4072
4073
4074
4075
4076
4077
4078
4081
4082
4084
4085
4086
4087
4089
4090
4091
4092
4093
4094
4095
4097
4098
4099
4103
4104
4106
4110
4112
4113
4114
4115
4116
4117
4118
4119
4121
4125
4128
4129
4130
4133
4134
4135
4136
4138
4139
4140
4142
4143
4144
4145
4147
4148
4149
4150
4152
4154
4155
4156
4157
4158
4159
4161
4164
4165
4166
4167
4168
4169
4170
4172
4173
4176
4177
4178
4181
4183
4184
4185
4186
4187
4188
4189
4190
4191
4192
4193
4194
4196
4197
4198
4199
4200
4201
4205
4206
4209
4210
4211
4212
4213
4214
4215
4216
4217
4218
4219
4220
4221
4222
4224
4225
4227
4228
4230
4231
4232
4233
4234
4235
4237
4238
4239
4240
4241
4242
4243
4244
4245
4246
4247
4248
4249
4250
4252
4253
4255
4257
4258
4259
4261
4262
4263
4265
4266
4267
4270
4271
4273
4274
4275
4277
4279
4281
4284
4285
4286
4287
4288
4289
4290
4291
4293
4294
4295
4296
4297
4298
4299
4300
4301
4303
4304
4305
4306
4307
4308
4310
4311
4312
4314
4315
4316
4321
4322
4323
4324
4325
4328
4329
4331
4332
4333
4336
4337
4338
4339
4340
4341
4342
4343
4345
4347
4348
4349
4350
4353
4354
4356
4359
4360
4361
4362
4363
4364
4365
4366
4369
4372
4373
4374
4375
4376
4378
4379
4382
4383
4384
4385
4386
4388
4392
4393
4394
4395
4396
4397
4398
4399
4400
4402
4403
4404
4405
4408
4409
4410
4411
4415
4416
4417
4421
4422
4423
4425
4426
4427
4428
4429
4431
4432
4434
4435
4436
4437
4438
4440
4441
4442
4443
4445
4446
4447
4448
4449
4450
4451
4453
4454
4455
4456
4458
4459
4460
4461
4462
4464
4466
4469
4470
4471
4474
4476
4477
4478
4479
4481
4482
4483
4484
4485
4489
4490
4492
4493
4494
4497
4498
4500
4502
4503
4505
4507
4508
4511
4512
4513
4514
4515
4516
4517
4518
4519
4520
4521
4522
4523
4524
4526
4527
4528
4529
4530
4532
4533
4534
4535
4537
4538
4540
4541
4542
4544
4545
4546
4548
4549
4550
4551
4552
4553
4554
4555
4556
4557
4558
4559
4560
4561
4562
4563
4564
4565
4567
4569
4570
4571
4572
4574
4577
4578
4581
4582
4583
4585
4586
4588
4589
4592
4593
4594
4595
4597
4598
4599
4600
4601
4602
4603
4604
4605
4606
4607
4608
4609
4610
4611
4612
4614
4616
4620
4621
4622
4623
4624
4625
4629
4630
4631
4632
4633
4634
4635
4636
4638
4639
4640
4641
4642
4643
4644
4645
4646
4647
4648
4653
4654
4655
4656
4657
4658
4659
4660
4661
4662
4663
4665
4666
4667
4668
4669
4671
4672
4674
4675
4678
4679
4682
4683
4684
4685
4687
4688
4689
4692
4694
4695
4696
4697
4702
4706
4707
4708
4711
4714
4715
4716
4717
4718
4719
4720
4722
4725
4726
4728
4731
4732
4733
4734
4735
4738
4740
4742
4743
4744
4745
4747
4748
4749
4750
4751
4752
4753
4754
4755
4758
4759
4760
4762
4764
4765
4767
4771
4772
4773
4774
4775
4776
4778
4779
4780
4781
4782
4783
4784
4787
4788
4789
4791
4794
4795
4796
4797
4798
4799
4800
4803
4804
4805
4806
4807
4808
4811
4813
4814
4815
4817
4818
4819
4820
4821
4823
4825
4826
4828
4829
4830
4832
4833
4834
4835
4836
4837
4838
4839
4840
4843
4846
4847
4848
4849
4850
4852
4853
4854
4856
4857
4859
4860
4861
4862
4863
4865
4866
4867
4868
4869
4870
4871
4872
4874
4875
4876
4878
4880
4884
4887
4889
4890
4891
4892
4893
4894
4895
4899
4900
4901
4902
4909
4910
4911
4912
4913
4914
4916
4917
4919
4920
4921
4922
4923
4924
4925
4926
4927
4929
4930
4932
4933
4934
4935
4936
4938
4939
4942
4944
4945
4946
4948
4950
4951
4954
4956
4958
4960
4961
4962
4963
4966
4967
4968
4970
4973
4974
4975
4976
4977
4978
4979
4980
4981
4983
4984
4985
4986
4988
4989
4991
4993
4994
4995
4996
4997
4998
4999
5000
5001
5002
5003
5005
5006
5011
5012
5013
5014
5016
5017
5019
5020
5021
5023
5024
5025
5026
5028
5029
5030
5032
5034
5035
5036
5038
5039
5042
5045
5048
5049
5051
5052
5053
5054
5056
5057
5058
5059
5061
5063
5064
5065
5066
5067
5068
5070
5071
5072
5073
5074
5075
5077
5078
5081
5082
5083
5084
5085
5086
5087
5088
5089
5090
5091
5092
5093
5095
5096
5097
5098
5099
5102
5103
5104
5106
5107
5108
5109
5110
5111
5114
5115
5116
5117
5118
5119
5120
5122
5124
5126
5127
5129
5130
5131
5132
5133
5134
5135
5136
5137
5138
5139
5141
5142
5144
5145
5146
5147
5148
5149
5150
5152
5154
5156
5157
5158
5159
5160
5161
5162
5163
5164
5166
5167
5169
5170
5173
5174
5175
5177
5178
5179
5180
5181
5182
5184
5186
5187
5188
5189
5190
5191
5193
5194
5195
5196
5197
5198
5199
5201
5202
5203
5204
5205
5207
5208
5210
5211
5212
5213
5214
5215
5217
5220
5221
5222
5223
5224
5225
5226
5227
5228
5230
5232
5233
5234
5235
5237
5238
5239
5240
5241
5242
5243
5244
5245
5246
5247
5248
5249
5254
5255
5256
5257
5261
5262
5263
5264
5265
5266
5267
5269
5272
5274
5276
5277
5278
5279
5280
5281
5283
5284
5285
5286
5287
5288
5289
5290
5291
5293
5294
5295
5298
5300
5302
5304
5305
5306
5307
5308
5309
5311
5312
5313
5316
5317
5318
5319
5320
5321
5322
5324
5325
5326
5327
5328
5329
5330
5331
5333
5334
5336
5337
5338
5339
5340
5341
5342
5344
5345
5347
5348
5349
5351
5353
5354
5356
5366
5368
5369
5370
5371
5372
5373
5374
5375
5376
5377
5378
5380
5381
5382
5385
5386
5387
5388
5390
5391
5393
5394
5395
5396
5397
5398
5399
5402
5403
5404
5406
5407
5408
5410
5411
5412
5414
5415
5416
5418
5419
5421
5423
5424
5425
5426
5427
5428
5429
5430
5431
5433
5434
5435
5437
5439
5440
5441
5442
5444
5446
5447
5448
5449
5450
5452
5455
5456
5458
5459
5460
5461
5462
5463
5465
5467
5469
5470
5471
5472
5474
5475
5476
5477
5478
5479
5480
5483
5484
5485
5486
5487
5488
5492
5493
5494
5496
5497
5498
5499
5500
5501
5502
5504
5505
5506
5507
5508
5510
5512
5513
5514
5515
5518
5519
5520
5521
5522
5523
5524
5526
5528
5529
5530
5531
5532
5533
5534
5536
5537
5539
5540
5541
5542
5543
5544
5546
5547
5548
5549
5550
5551
5552
5553
5554
5555
5558
5559
5560
5562
5563
5564
5565
5567
5568
5569
5570
5571
5572
5573
5575
5577
5578
5579
5580
5581
5583
5584
5587
5589
5592
5593
5594
5595
5596
5597
5598
5599
5600
5602
5604
5605
5606
5607
5608
5609
5610
5611
5612
5614
5616
5618
5619
5620
5622
5625
5627
5628
5630
5631
5632
5633
5634
5635
5639
5640
5641
5643
5647
5648
5649
5652
5653
5654
5656
5657
5660
5661
5663
5664
5665
5666
5667
5668
5669
5670
5671
5672
5673
5675
5676
5678
5684
5686
5688
5689
5690
5694
5695
5696
5697
5698
5699
5700
5701
5702
5704
5705
5707
5708
5709
5710
5711
5712
5713
5714
5715
5716
5717
5718
5720
5724
5727
5728
5729
5730
5731
5735
5737
5738
5739
5741
5743
5744
5747
5749
5750
5751
5752
5755
5756
5758
5759
5760
5763
5765
5768
5770
5771
5772
5774
5776
5777
5778
5779
5780
5782
5783
5784
5785
5789
5790
5793
5794
5795
5796
5797
5798
5799
5800
5802
5803
5804
5805
5807
5808
5809
5811
5812
5813
5814
5815
5816
5818
5819
5820
5822
5823
5825
5826
5827
5829
5830
5831
5832
5833
5834
5837
5839
5840
5841
5842
5843
5844
5845
5846
5848
5849
5850
5852
5853
5854
5856
5858
5859
5862
5863
5864
5865
5866
5868
5869
5870
5871
5872
5873
5874
5877
5878
5880
5881
5882
5883
5884
5888
5891
5896
5897
5898
5899
5900
5901
5902
5904
5906
5908
5910
5911
5913
5914
5915
5916
5917
5918
5919
5920
5921
5922
5923
5926
5927
5928
5929
5930
5932
5933
5936
5937
5938
5939
5940
5941
5942
5943
5946
5947
5948
5949
5950
5951
5952
5953
5954
5956
5957
5960
5964
5965
5966
5968
5969
5971
5972
5973
5975
5976
5977
5981
5982
5984
5985
5986
5987
5988
5989
5990
5991
5992
5993
5994
5995
5997
5998
5999
6000
6001
6003
6005
6007
6008
6009
6010
6011
6013
6014
6015
6016
6017
6018
6019
6023
6024
6025
6027
6028
6029
6030
6031
6032
6034
6035
6036
6037
6038
6039
6040
6043
6044
6045
6046
6047
6048
6049
6050
6052
6054
6055
6058
6059
6060
6061
6063
6064
6065
6066
6067
6069
6070
6072
6073
6074
6075
6076
6077
6078
6080
6081
6084
6085
6088
6089
6090
6092
6094
6095
6097
6098
6099
6100
6103
6104
6105
6106
6107
6108
6109
6114
6115
6116
6117
6118
6119
6120
6121
6122
6123
6124
6125
6127
6129
6130
6131
6132
6133
6134
6135
6137
6139
6140
6141
6142
6143
6144
6145
6146
6148
6149
6150
6151
6152
6153
6155
6157
6159
6160
6161
6164
6166
6167
6168
6169
6170
6171
6172
6174
6176
6177
6178
6179
6180
6181
6183
6184
6185
6186
6190
6192
6195
6196
6197
6198
6199
6200
6201
6202
6204
6205
6206
6208
6209
6210
6212
6214
6217
6219
6220
6221
6223
6224
6225
6226
6227
6229
6230
6231
6233
6234
6235
6236
6237
6238
6239
6240
6241
6242
6243
6244
6245
6247
6248
6249
6251
6253
6254
6255
6257
6258
6259
6260
6261
6262
6266
6267
6269
6270
6271
6272
6273
6276
6277
6279
6280
6282
6283
6284
6285
6286
6287
6289
6290
6291
6293
6296
6298
6299
6300
6302
6303
6304
6305
6306
6308
6309
6310
6312
6314
6316
6318
6319
6321
6322
6325
6326
6328
6330
6331
6332
6333
6334
6335
6336
6338
6340
6341
6342
6343
6344
6345
6346
6347
6349
6350
6352
6353
6354
6355
6357
6358
6359
6360
6362
6364
6365
6367
6368
6370
6371
6372
6374
6375
6377
6379
6380
6381
6382
6383
6384
6386
6387
6391
6392
6393
6394
6395
6397
6398
6399
6401
6402
6405
6406
6407
6408
6410
6411
6412
6413
6415
6416
6417
6419
6424
6425
6426
6427
6428
6429
6430
6431
6432
6434
6435
6436
6437
6440
6441
6442
6443
6444
6445
6447
6448
6449
6450
6452
6453
6454
6455
6456
6458
6461
6462
6463
6465
6466
6468
6469
6470
6471
6472
6473
6474
6475
6476
6477
6479
6481
6482
6483
6484
6485
6487
6488
6489
6490
6491
6493
6494
6495
6497
6498
6499
6501
6504
6505
6506
6509
6510
6511
6512
6513
6517
6521
6522
6525
6527
6528
6529
6530
6531
6532
6533
6534
6535
6536
6537
6538
6539
6540
6541
6542
6543
6544
6546
6548
6551
6553
6554
6555
6560
6561
6564
6565
6567
6568
6569
6572
6575
6578
6579
6580
6581
6582
6583
6584
6586
6587
6590
6591
6592
6593
6594
6595
6596
6597
6598
6599
6600
6601
6602
6603
6604
6607
6609
6611
6612
6615
6618
6619
6620
6622
6624
6625
6626
6627
6628
6629
6630
6631
6632
6633
6636
6637
6638
6640
6642
6643
6644
6645
6646
6647
6649
6650
6651
6652
6653
6654
6655
6656
6657
6659
6660
6661
6662
6663
6664
6665
6666
6667
6669
6672
6673
6674
6678
6679
6680
6681
6683
6684
6685
6686
6687
6689
6690
6692
6694
6697
6698
6699
6702
6703
6704
6705
6706
6707
6710
6713
6714
6715
6716
6717
6718
6719
6721
6722
6724
6725
6728
6729
6730
6732
6733
6736
6737
6739
6740
6744
6747
6748
6749
6750
6751
6753
6756
6757
6758
6760
6761
6763
6764
6765
6766
6767
6768
6769
6771
6772
6773
6774
6777
6778
6779
6781
6782
6783
6784
6785
6786
6787
6788
6789
6790
6791
6793
6794
6795
6796
6797
6798
6799
6800
6802
6803
6805
6806
6807
6808
6811
6812
6813
6814
6817
6818
6819
6820
6821
6822
6823
6826
6827
6828
6830
6831
6832
6833
6835
6836
6837
6838
6839
6840
6841
6842
6844
6845
6846
6847
6848
6850
6851
6852
6853
6854
6855
6856
6857
6858
6859
6860
6861
6862
6863
6866
6867
6868
6869
6870
6871
6872
6873
6874
6875
6879
6880
6881
6882
6883
6884
6887
6893
6894
6895
6896
6897
6898
6899
6900
6901
6902
6903
6904
6905
6906
6907
6908
6912
6913
6914
6915
6916
6918
6919
6920
6921
6922
6923
6924
6925
6926
6927
6929
6930
6931
6932
6933
6934
6935
6936
6937
6938
6939
6941
6942
6944
6946
6947
6949
6950
6951
6952
6953
6954
6955
6959
6960
6961
6962
6964
6966
6967
6968
6969
6970
6971
6972
6973
6974
6975
6977
6978
6979
6984
6985
6988
6989
6991
6992
6993
6995
6996
6998
7000
7001
7004
7007
7009
7010
7012
7013
7015
7016
7017
7018
7019
7021
7022
7023
7024
7025
7027
7028
7032
7033
7037
7038
7039
7040
7045
7047
7048
7049
7050
7051
7054
7056
7057
7058
7060
7061
7062
7063
7064
7066
7068
7073
7074
7076
7077
7078
7080
7082
7083
7084
7087
7088
7089
7090
7091
7093
7094
7095
7096
7100
7101
7103
7110
7111
7112
7113
7114
7115
7116
7117
7118
7119
7120
7123
7124
7125
7128
7129
7130
7133
7134
7135
7136
7137
7140
7145
7146
7148
7149
7150
7151
7152
7153
7154
7156
7157
7160
7161
7163
7164
7166
7168
7169
7170
7172
7173
7174
7175
7176
7178
7179
7180
7182
7184
7185
7186
7187
7188
7190
7191
7193
7194
7195
7196
7198
7199
7200
7201
7202
7203
7206
7209
7210
7213
7214
7215
7217
7218
7219
7220
7221
7222
7223
7224
7225
7226
7227
7228
7229
7230
7231
7232
7233
7234
7235
7236
7238
7239
7240
7242
7243
7244
7245
7246
7247
7249
7250
7251
7252
7253
7254
7255
7258
7259
7261
7262
7263
7265
7266
7267
7268
7269
7271
7272
7273
7275
7276
7277
7278
7279
7280
7282
7283
7284
7285
7286
7287
7288
7289
7291
7292
7293
7294
7295
7296
7297
7299
7300
7301
7302
7303
7306
7307
7311
7312
7313
7314
7315
7316
7317
7318
7319
7320
7321
7322
7323
7324
7325
7326
7327
7328
7329
7332
7333
7335
7336
7337
7339
7341
7342
7343
7344
7345
7346
7347
7350
7351
7352
7353
7355
7356
7357
7358
7359
7360
7362
7363
7365
7366
7367
7368
7369
7370
7372
7373
7374
7375
7376
7377
7378
7379
7380
7383
7384
7385
7387
7388
7389
7391
7392
7393
7395
7396
7397
7398
7399
7400
7401
7402
7404
7405
7407
7408
7409
7410
7411
7412
7414
7415
7420
7422
7423
7424
7426
7429
7433
7435
7436
7438
7440
7442
7443
7444
7445
7447
7448
7449
7450
7451
7452
7453
7454
7456
7457
7458
7461
7462
7463
7464
7465
7466
7467
7468
7470
7471
7472
7473
7475
7476
7477
7478
7479
7480
7481
7482
7485
7486
7487
7488
7489
7490
7492
7496
7497
7498
7502
7503
7504
7507
7508
7510
7511
7514
7515
7516
7517
7518
7520
7521
7522
7523
7526
7528
7530
7531
7532
7533
7534
7535
7536
7537
7538
7539
7540
7541
7542
7543
7544
7545
7546
7547
7549
7550
7551
7553
7554
7555
7556
7560
7561
7562
7563
7564
7565
7567
7568
7569
7570
7571
7574
7576
7577
7578
7579
7580
7583
7584
7585
7586
7588
7590
7593
7594
7596
7598
7599
7600
7601
7603
7604
7606
7607
7609
7610
7612
7613
7614
7618
7619
7620
7622
7623
7624
7627
7628
7629
7630
7631
7633
7635
7636
7638
7640
7643
7644
7645
7646
7647
7648
7651
7653
7655
7656
7658
7659
7660
7661
7662
7663
7664
7665
7666
7668
7669
7670
7671
7672
7674
7675
7677
7678
7681
7683
7684
7685
7687
7688
7689
7691
7692
7694
7695
7696
7698
7704
7705
7706
7707
7708
7709
7710
7711
7712
7713
7714
7716
7718
7719
7720
7721
7722
7723
7724
7725
7726
7727
7728
7729
7730
7731
7733
7736
7737
7738
7739
7740
7741
7743
7744
7746
7747
7749
7750
7752
7754
7755
7756
7758
7759
7761
7763
7764
7765
7766
7769
7770
7771
7772
7774
7775
7776
7777
7778
7779
7780
7781
7782
7784
7785
7786
7787
7789
7790
7791
7793
7795
7797
7798
7800
7801
7802
7803
7804
7805
7806
7807
7810
7812
7813
7815
7817
7818
7819
7820
7821
7823
7826
7827
7828
7829
7830
7832
7833
7834
7835
7836
7838
7839
7840
7842
7843
7844
7847
7848
7849
7850
7851
7852
7853
7854
7855
7856
7857
7858
7860
7861
7862
7863
7864
7865
7866
7868
7869
7872
7875
7877
7878
7879
7881
7882
7883
7884
7885
7888
7889
7891
7892
7894
7895
7896
7897
7899
7900
7901
7902
7905
7909
7910
7911
7912
7913
7914
7915
7917
7918
7920
7923
7924
7925
7926
7927
7929
7930
7932
7934
7935
7936
7937
7938
7939
7940
7941
7942
7944
7946
7949
7950
7951
7952
7953
7954
7955
7956
7958
7960
7961
7963
7964
7965
7966
7967
7968
7969
7970
7971
7972
7973
7974
7977
7979
7981
7982
7983
7984
7986
7990
7991
7992
7993
7994
7996
7997
7998
8000
8001
8002
8003
8005
8006
8007
8008
8009
8010
8011
8012
8014
8016
8017
8019
8020
8022
8023
8024
8026
8028
8029
8030
8032
8034
8037
8038
8040
8041
8042
8046
8047
8048
8050
8053
8054
8055
8057
8058
8061
8062
8063
8064
8065
8067
8069
8071
8072
8073
8074
8075
8076
8077
8079
8080
8081
8082
8083
8085
8086
8088
8089
8090
8091
8093
8094
8095
8096
8098
8099
8100
8102
8103
8104
8105
8106
8107
8109
8110
8111
8112
8114
8115
8116
8117
8118
8119
8120
8121
8122
8123
8124
8125
8127
8128
8129
8130
8131
8132
8133
8135
8137
8138
8142
8143
8144
8146
8147
8148
8151
8152
8153
8154
8155
8156
8157
8159
8160
8161
8162
8164
8165
8167
8172
8173
8175
8176
8177
8178
8179
8180
8181
8184
8186
8190
8191
8192
8193
8195
8196
8197
8198
8199
8200
8201
8202
8203
8205
8206
8207
8208
8211
8217
8218
8219
8221
8222
8223
8224
8225
8227
8230
8231
8232
8233
8235
8236
8239
8241
8242
8243
8244
8247
8249
8250
8251
8252
8253
8256
8257
8260
8262
8263
8264
8266
8271
8272
8275
8277
8278
8279
8280
8281
8282
8283
8286
8288
8289
8290
8291
8293
8294
8295
8296
8299
8300
8301
8302
8303
8304
8308
8309
8312
8313
8314
8316
8317
8319
8320
8321
8322
8323
8325
8326
8327
8328
8329
8330
8331
8333
8334
8335
8338
8339
8340
8342
8343
8344
8345
8347
8348
8349
8350
8351
8352
8353
8355
8356
8357
8358
8359
8360
8361
8362
8364
8367
8368
8369
8371
8372
8375
8376
8377
8378
8379
8380
8381
8382
8383
8384
8385
8387
8388
8390
8391
8392
8393
8395
8396
8397
8398
8399
8400
8401
8402
8403
8404
8405
8406
8411
8414
8415
8417
8418
8419
8421
8423
8424
8425
8426
8427
8431
8433
8434
8435
8436
8437
8440
8441
8443
8444
8445
8447
8448
8449
8451
8453
8454
8455
8456
8457
8458
8459
8461
8462
8463
8465
8467
8469
8470
8471
8472
8473
8474
8475
8476
8477
8478
8479
8480
8481
8482
8483
8485
8488
8489
8490
8491
8493
8495
8497
8498
8499
8500
8501
8502
8503
8504
8505
8506
8508
8509
8510
8511
8513
8514
8515
8516
8517
8520
8521
8522
8525
8526
8527
8529
8530
8531
8532
8534
8535
8537
8538
8540
8541
8542
8543
8544
8545
8546
8548
8549
8550
8552
8554
8555
8557
8561
8562
8563
8564
8565
8566
8568
8569
8571
8572
8573
8575
8576
8578
8579
8580
8582
8583
8584
8586
8588
8591
8594
8595
8597
8598
8599
8600
8601
8606
8608
8610
8611
8613
8616
8617
8618
8619
8621
8623
8624
8626
8627
8628
8629
8633
8635
8641
8642
8643
8645
8647
8648
8651
8652
8653
8655
8656
8657
8660
8661
8663
8664
8665
8666
8667
8668
8669
8670
8671
8672
8673
8674
8675
8677
8679
8680
8681
8682
8684
8685
8686
8687
8688
8690
8691
8693
8694
8696
8697
8698
8700
8701
8702
8703
8704
8705
8707
8708
8709
8710
8713
8715
8716
8717
8718
8721
8723
8724
8726
8727
8728
8729
8730
8731
8732
8734
8735
8736
8737
8739
8741
8743
8744
8746
8747
8748
8749
8750
8751
8752
8753
8754
8755
8756
8757
8758
8759
8762
8763
8764
8766
8767
8769
8770
8771
8772
8773
8774
8777
8779
8780
8781
8782
8783
8784
8788
8790
8791
8792
8794
8795
8796
8797
8798
8799
8800
8801
8803
8804
8806
8807
8808
8809
8810
8811
8812
8813
8814
8815
8816
8817
8819
8822
8823
8827
8828
8829
8830
8831
8832
8834
8838
8839
8840
8841
8842
8843
8848
8851
8852
8853
8854
8855
8856
8857
8858
8859
8860
8861
8862
8864
8865
8866
8868
8869
8871
8872
8873
8874
8875
8876
8877
8879
8880
8881
8885
8886
8887
8888
8891
8893
8894
8895
8897
8898
8899
8901
8905
8906
8907
8908
8910
8912
8915
8916
8917
8918
8919
8920
8921
8922
8923
8924
8925
8927
8928
8929
8930
8931
8932
8933
8934
8935
8936
8937
8938
8939
8940
8941
8942
8943
8945
8947
8948
8950
8951
8952
8955
8956
8957
8959
8960
8961
8962
8964
8965
8967
8968
8969
8970
8971
8972
8974
8976
8977
8979
8980
8981
8982
8986
8987
8988
8989
8991
8992
8994
8995
8996
8997
8998
9000
9001
9003
9004
9005
9006
9007
9008
9010
9012
9013
9014
9015
9016
9017
9022
9023
9026
9027
9029
9030
9031
9032
9033
9035
9039
9040
9041
9042
9044
9045
9046
9047
9048
9049
9050
9051
9053
9055
9056
9058
9059
9060
9061
9062
9063
9064
9065
9066
9068
9069
9070
9073
9077
9078
9080
9081
9083
9086
9087
9088
9089
9092
9094
9096
9098
9103
9104
9106
9108
9109
9110
9112
9113
9114
9115
9116
9117
9120
9122
9123
9124
9125
9126
9127
9129
9130
9131
9132
9135
9136
9137
9138
9139
9140
9141
9144
9145
9148
9149
9151
9152
9153
9154
9156
9158
9159
9160
9161
9162
9163
9165
9166
9167
9170
9171
9172
9173
9174
9175
9176
9177
9179
9181
9182
9183
9184
9186
9188
9189
9190
9191
9192
9193
9195
9197
9199
9200
9201
9202
9203
9204
9207
9208
9210
9213
9215
9216
9217
9218
9220
9221
9222
9223
9224
9225
9226
9227
9229
9230
9231
9232
9233
9237
9238
9239
9240
9241
9243
9245
9246
9247
9249
9250
9252
9255
9256
9257
9260
9261
9262
9263
9264
9266
9268
9270
9271
9272
9273
9274
9275
9277
9279
9280
9282
9283
9287
9289
9290
9293
9294
9295
9296
9299
9301
9302
9303
9306
9307
9309
9310
9311
9312
9314
9315
9318
9319
9322
9324
9326
9328
9333
9334
9335
9336
9338
9339
9340
9341
9342
9343
9344
9345
9346
9347
9350
9351
9352
9354
9355
9357
9358
9360
9362
9363
9364
9365
9366
9369
9370
9372
9373
9374
9375
9376
9377
9379
9380
9381
9384
9388
9389
9390
9391
9392
9393
9394
9395
9396
9398
9399
9400
9402
9403
9404
9406
9408
9409
9410
9411
9412
9414
9416
9417
9418
9419
9422
9424
9428
9429
9431
9432
9433
9434
9435
9436
9437
9438
9439
9440
9442
9443
9444
9445
9446
9449
9450
9451
9452
9453
9454
9455
9456
9457
9458
9459
9461
9462
9463
9464
9466
9467
9468
9469
9470
9471
9472
9473
9474
9475
9476
9477
9478
9480
9481
9482
9483
9484
9485
9487
9488
9489
9490
9491
9492
9493
9494
9496
9497
9499
9502
9503
9504
9505
9508
9509
9512
9514
9515
9516
9517
9518
9519
9520
9522
9523
9525
9526
9527
9529
9532
9533
9534
9537
9538
9540
9541
9542
9544
9545
9547
9548
9549
9551
9553
9554
9557
9558
9561
9562
9564
9565
9566
9568
9571
9572
9573
9574
9576
9577
9579
9580
9581
9583
9584
9585
9586
9587
9588
9589
9590
9593
9594
9595
9596
9597
9599
9600
9602
9603
9604
9605
9606
9608
9609
9611
9612
9613
9616
9617
9618
9619
9621
9624
9625
9626
9627
9628
9630
9633
9634
9635
9636
9639
9640
9643
9644
9645
9646
9647
9648
9649
9650
9652
9653
9654
9655
9656
9657
9658
9660
9661
9663
9664
9665
9667
9669
9670
9671
9672
9673
9674
9675
9678
9681
9682
9683
9684
9685
9687
9688
9689
9690
9691
9692
9693
9694
9695
9698
9702
9703
9704
9707
9708
9711
9712
9713
9714
9715
9716
9717
9718
9720
9721
9722
9723
9724
9725
9726
9727
9728
9730
9731
9732
9734
9735
9737
9738
9739
9740
9742
9743
9744
9745
9746
9747
9749
9750
9752
9756
9757
9758
9762
9763
9764
9765
9766
9768
9769
9770
9771
9772
9775
9777
9778
9781
9783
9785
9786
9787
9788
9789
9791
9792
9793
9796
9797
9803
9804
9805
9806
9810
9816
9817
9821
9829
9831
9832
9843
9849
9858
9862
9870
9871
9874
9877
9883
9886
9900
9917
9920
9925
9932
9941
9944
9951
9953
9956
9960
9966
9976
9987
9988
9998
10013
10021
10038
10046
10048
10049
10053
10059
10061
10063
10074
10079
