734 8
726 -0.6807556 -0.12039029 0.052791588 -0.20314823 0.47924843 -0.21190725 0.34043032 -0.29588062
313 0.799332 -0.13062951 -0.4010483 0.3797465 -0.01929549 -0.014124414 0.10850472 -0.16313174
786 -0.50587875 0.00793992 0.08931736 0.35542798 -0.13335183 -0.33540565 0.6923578 -0.008838496
923 -0.21561375 0.6109501 0.1879988 -0.2762453 -0.41705936 0.3125698 -0.43541646 0.08584732
539 0.13305983 0.33948463 0.48002183 0.20268229 0.49157578 0.2774399 -0.108452246 -0.5149395
1126 0.654997 0.037478384 -0.47821477 -0.40620452 0.3054975 -0.12480611 -0.25324848 -0.053316552
308 -0.10018036 0.6293795 -0.29764792 0.43917567 -0.23740128 -0.47303605 0.0904921 0.1551274
956 0.67974174 -0.33047387 -0.48225695 -0.16648947 0.2166721 0.34434375 -0.046927545 -0.026946709
1010 0.007921587 0.18836299 -0.018435951 0.46771008 0.52775425 0.37481096 -0.55402523 -0.13932788
1415 -0.6015667 -0.30968046 0.5010027 -0.3431401 -0.046805725 0.40072933 0.08383002 0.060533993
342 -0.23784944 -0.14807194 0.26251718 -0.08296392 -0.83033437 -0.33292928 -0.12890139 0.16968077
1162 0.5912065 -0.2976788 -0.40893456 0.059826262 -0.13236023 -0.2992047 -0.24554421 0.47299144
832 -0.03341104 0.4267662 -0.056395546 0.7193735 -0.25513315 -0.059926413 0.47671402 -0.011625527
903 0.14927073 0.34394625 0.3682758 -0.73724985 -0.033957794 0.055930298 -0.35137597 0.22914684
657 0.16745189 0.18382676 -0.17204946 -0.0013708549 -0.47162467 0.82234526 -0.028069822 -0.09536879
278 -0.38195544 -0.2848133 -0.3458045 0.6773119 0.13806206 0.36018932 -0.16592981 0.13538507
382 0.50380975 0.14383106 0.5455716 -0.6538977 0.011379572 -0.0014452725 -0.00092993816 -0.011190839
811 0.6597045 -0.46623793 -0.49201384 -0.13744465 -0.1166616 -0.11635222 -0.06467099 0.23476276
650 -0.507355 -0.10978568 0.41072083 -0.0125520015 -0.3659194 0.14144576 -0.14020102 0.62299955
1324 -0.6844576 -0.094795994 0.1842293 0.36510524 0.14218645 -0.11252185 0.5145896 -0.24001808
748 0.59293586 -0.48512477 -0.42093164 0.07040891 0.08346198 -0.28186506 0.29645094 -0.23799825
601 -0.26114118 0.01343567 -0.33143175 0.6486799 0.19501299 0.0057893973 -0.5886405 0.128183
1008 0.4625761 0.4285302 0.30527624 0.48525855 0.24052542 -0.0050943466 -0.045320246 -0.46236715
855 -0.2074714 -0.76486385 -0.14198637 -0.5137325 -0.09638649 -0.15065959 0.18297431 0.14963081
240 0.5321397 -0.3720996 -0.5111587 -0.5630309 0.0064284694 -0.00081645336 -0.00052533427 -0.0063218516
1079 -0.27577657 0.82810247 0.38675064 0.2187467 0.13855699 -0.12485406 -0.0046756766 0.077194154
889 0.48327604 -0.54923904 -0.41001046 -0.35343146 0.31493685 0.13659701 0.13980305 -0.18539028
468 -0.2815355 -0.06792783 -0.46073794 0.17405647 0.46595538 0.38068962 0.25863355 -0.49458873
681 0.6016725 -0.3212347 0.5154808 -0.052474916 -0.34619755 0.36712217 -0.09545959 -0.050797354
582 0.51147276 0.6952144 0.3661012 0.2799957 0.062248114 -0.12006981 -0.038720936 0.1511746
583 -0.14499533 -0.34933144 0.82467574 -0.39907983 0.058984477 0.06099116 0.0062977746 -0.10173595
1117 -0.11079758 0.022088263 0.36800998 -0.14047983 -0.5218039 0.041187122 -0.3256448 0.6723464
407 -0.18634811 -0.059240233 -0.129518 0.19958876 0.41017196 0.3770983 -0.29918864 -0.7107717
701 0.022568697 -0.6145915 -0.49884474 0.25071937 -0.21555404 -0.3066398 0.28142962 0.3006119
858 -0.09687507 -0.14319383 0.09643036 -0.042974316 0.29454154 -0.5243728 0.24493533 -0.7329736
693 -0.11504772 0.32984462 0.6342955 0.08810904 0.06556945 0.079178125 -0.6429346 -0.2096165
206 0.29824537 0.5227073 -0.14669633 0.48400003 0.33929262 0.2570478 -0.38138682 -0.23537596
849 -0.17110969 0.17774886 0.6051576 -0.75680184 0.009027089 -0.0011464934 -0.0007376934 -0.008877373
1260 0.6930125 0.4635331 0.26527545 -0.48384365 0.014089226 -0.0017894144 -0.001151371 -0.013855553
38 0.16574793 -0.018858079 0.3549352 0.166699 -0.33847103 -0.30090874 -0.20544975 0.7557024
1236 0.38049883 0.24459086 -0.102335736 -0.88568264 0.015686942 -0.0019923337 -0.0012819363 -0.01542677
740 0.36613965 0.514295 0.50145036 0.3680526 0.024055736 -0.16442575 -0.34373996 -0.26221293
1419 -0.43305025 0.6972428 0.2806015 -0.24014485 -0.18678227 0.2726404 -0.28340343 -0.01937074
400 -0.32581818 0.04655779 -0.43755344 -0.31597722 -0.3809559 -0.33007377 0.5872214 -0.03841011
375 0.47464088 -0.26302654 -0.64781684 -0.31469506 -0.15804884 0.32091898 0.020196585 -0.24177927
105 -0.50261074 0.33885643 0.52550167 0.27643132 0.25174844 -0.2942632 0.2945284 -0.20803262
946 0.6233067 -0.3987474 -0.118800975 0.052119028 0.26759645 0.040884614 -0.41965073 -0.4315937
1003 -0.056911048 -0.44023857 -0.18455444 0.55639845 -0.4065308 -0.05808552 0.53795195 0.035750307
401 0.6428442 -0.13999006 0.45262134 -0.6018571 0.005297593 -0.0006728254 -0.00043291907 -0.005209731
41 0.09821574 -0.63001823 -0.5439414 0.011149366 0.37126902 -0.03703802 0.15000796 -0.36840078
873 -0.37774864 -0.3051009 -0.60654014 -0.015654543 -0.043083973 0.40939265 -0.292414 0.37565798
102 0.3372835 -0.63865733 0.51042193 -0.058030885 0.014603012 -0.10467147 0.40400475 -0.20017292
837 -0.545488 0.4628737 -0.0605829 0.3556281 0.20075786 -0.56194746 -0.002221531 0.04422215
215 0.58249605 -0.25060958 -0.20719263 0.042897303 0.36010367 -0.24093398 0.30535308 -0.52168953
978 -0.1300863 -0.0010555742 0.23632042 -0.94316727 0.10908888 0.022221973 -0.06197119 -0.14638948
874 -0.7689817 0.38816822 0.18783052 0.31306326 0.029875917 0.34424052 -0.044369563 0.057800446
1184 0.5038181 -0.25411794 -0.61139053 -0.2700941 -0.19513439 0.018455839 0.105377644 0.43048784
1305 0.23542407 -0.47058612 -0.015737982 0.19766955 -0.4766137 -0.062259324 -0.46604976 0.48534936
1312 -0.35757494 0.24284686 0.2884173 0.34457108 -0.6283563 -0.12677838 0.2904204 0.34059277
826 -0.5212499 0.5560756 0.40625107 0.35563824 -0.015790805 -0.024478965 0.14570008 0.3247813
1112 0.28039563 0.18947743 -0.46595168 -0.7887143 -0.054969303 -0.15996365 0.12865984 -0.03364606
965 -0.15836543 -0.5242802 -0.22438295 0.7540117 0.048986413 0.029033648 -0.27914387 0.0023154232
925 0.09464919 -0.5768862 -0.51233524 -0.18243675 0.19505446 -0.41284984 0.37504455 -0.11542816
271 -0.26349384 0.4486671 0.3985187 -0.7551017 0.0117131695 -0.0014876414 -0.0009571998 -0.011518904
163 -0.62331325 -0.069445655 0.73003125 -0.104470685 -0.0633932 0.0955341 0.19467053 0.108425476
381 0.93515635 0.20586325 -0.11187958 0.12892063 0.19389635 -0.116584815 0.020410351 -0.048590504
1200 -0.28330737 0.15832344 0.7337501 -0.5868935 0.03006788 0.09828951 -0.017156243 0.03127373
1084 0.73417264 -0.28161815 -0.08134079 0.090122275 -0.23492348 -0.19749725 -0.4354166 0.28837729
868 0.90403265 0.20927589 -0.11706872 -0.17036895 0.0026506518 0.1327729 -0.2797524 -0.017345468
1088 0.44569403 -0.35348016 0.27444592 -0.25764942 0.3478178 0.16573241 -0.5755755 0.23446356
1249 0.51341885 -0.698019 -0.04693594 0.4690598 -0.11837091 -0.041938033 0.056534365 0.08935132
491 0.38692287 -0.25430378 -0.64310306 -0.4890239 0.34800053 -0.005246202 0.066443264 -0.085718915
1136 0.69487673 -0.32574603 -0.33766788 -0.4115916 -0.2524732 -0.115949094 0.051043864 0.2186693
151 0.04053836 0.5149162 0.6847267 -0.31325868 -0.19069614 0.011111586 0.17095664 -0.31705144
724 -0.3530089 0.31346288 -0.016333383 -0.71014684 0.24964722 0.006634099 0.30287972 -0.34416085
948 0.43303773 -0.43705094 -0.18268241 -0.14471415 0.17540371 0.068965055 -0.6454314 -0.33918318
484 -0.6934705 -0.2621975 -0.41576257 -0.3993444 0.20262326 -0.15387754 0.16404915 -0.16238838
148 0.54882884 -0.57052594 -0.49658722 -0.28092343 -0.0010317892 0.030924054 -0.18760303 -0.107786804
1072 -0.7655489 0.095210955 0.30813998 0.40011936 0.13141586 0.21766062 -0.27564633 0.09590039
1093 0.57566804 -0.18068129 -0.42398608 -0.23915909 0.2383317 0.23113355 0.17056192 -0.5095911
1254 0.8645599 0.23271279 -0.07547767 -0.30734757 0.19672619 -0.009425088 -0.049347233 -0.238739
775 0.060636647 0.16215461 0.3194971 -0.009930433 -0.27049297 -0.019484613 -0.6862815 0.56861544
908 -0.3442366 0.18166405 0.7090337 0.58588433 0.03551538 -0.004510662 -0.0029023155 -0.03492635
22 0.14335074 -0.6285472 -0.5222218 0.39250368 0.100224026 -0.20592262 -0.24738213 0.20966004
788 0.24065761 -0.39056936 -0.6600144 -0.24427775 0.3301257 0.31694877 -0.14223005 -0.2541257
101 0.31036827 0.19268058 -0.34628633 0.57156247 0.030227533 0.42320427 0.44424054 -0.20635532
1212 0.6178776 0.2121837 0.24565618 0.53684 0.34729505 -0.05294637 -0.15036052 -0.2804207
98 0.30192766 0.17667083 0.093521856 -0.72716916 -0.32127103 -0.095038734 0.39720413 0.26473984
344 -0.38990536 0.24312228 0.8590451 -0.14202717 -0.030781629 -0.06883995 -0.13965535 0.07446496
1020 0.5152878 -0.16546066 0.6189141 0.2311725 0.015372645 -0.23438464 0.343654 -0.3119857
462 0.61794937 -0.65809804 -0.21899329 0.16332789 0.13372305 -0.25721294 -0.011300982 -0.16199858
796 0.30545563 0.3213983 0.7446468 0.49664402 0.033594918 -0.0042667515 -0.0027453753 -0.033037737
906 -0.6477546 0.078698106 0.04434237 -0.20642963 0.039390326 -0.23920397 0.23666456 -0.6440969
910 0.5209613 -0.3568371 -0.24243511 0.5848183 -0.20809436 0.13278507 -0.061654206 0.36843327
1408 0.8209335 -0.43864727 -0.29371747 -0.09641088 -0.04432614 -0.166629 -0.074286334 0.053321768
1116 -0.19092698 -0.12600268 0.7591814 -0.47713223 0.1825969 0.0089153685 -0.1953378 -0.26847845
1082 -0.0972349 -0.037410773 0.08060853 0.2361683 0.72397876 0.5240324 -0.19023897 -0.30319414
492 -0.12309697 0.09445154 -0.37477738 0.72358847 0.014009184 -0.048606943 -0.52767664 0.17574449
92 0.33396912 0.30896175 0.75818527 -0.46676192 0.012188481 -0.0015480088 -0.0009960423 -0.011986333
566 -0.6363383 -0.434783 0.0047727707 0.46166325 -0.27913636 -0.18998264 0.07659581 -0.2701927
556 -0.17429295 0.0662138 0.46691233 -0.62044597 -0.091901615 -0.34157604 0.4848437 -0.045649774
1291 0.5556252 -0.22123589 -0.57082814 -0.5153905 -0.10651279 0.1671864 -0.013306017 0.1067232
517 0.49902105 0.82518137 -0.19033605 -0.18321086 0.0114227105 -0.0014507513 -0.00093346345 -0.011233262
803 0.23032106 0.13194843 0.08500017 -0.72100466 -0.27616617 -0.2683088 -0.23481761 0.4461752
1203 0.58280176 0.61918795 -0.007941746 0.031615853 0.39936495 0.24872643 -0.128567 -0.19493344
126 0.69738644 -0.38134146 -0.584932 -0.16125049 0.006481227 -0.00082315394 -0.00052964565 -0.0063737347
757 -0.06558455 -0.24019563 -0.4617118 -0.47948125 0.023714317 -0.6245103 0.25886407 0.19323172
1441 0.60410297 0.4614968 -0.6188556 0.14918277 -0.04807547 -0.12022852 -0.0031922879 0.008141366
288 0.6894827 -0.034469325 -0.10020763 0.33772466 0.2749671 -0.30587026 0.22887942 -0.42163566
743 0.19808824 -0.3397912 -0.08127147 0.5757314 -0.61300117 -0.088296026 0.054476157 0.34741464
125 -0.5381086 0.39018422 -0.1887739 0.19278541 0.18254557 -0.08979105 -0.4403365 0.50011194
1050 0.1906446 0.36824477 0.40501672 0.45010144 0.4049125 -0.26069936 0.063498326 -0.47483715
116 0.10441283 0.3011356 -0.40529895 0.21981043 0.63225347 0.10156062 -0.02755282 -0.524417
480 -0.2824253 -0.22754921 -0.07693926 -0.33789957 -0.20415625 -0.78718126 -0.1384293 0.2605086
1114 0.29902983 -0.6820345 0.2620494 -0.48795727 -0.2742847 -0.08591793 -0.07580512 0.22422656
518 0.6524861 0.0053148502 -0.21954061 -0.534443 -0.110716894 -0.13354902 0.45758983 -0.030402508
839 -0.92772245 0.26824474 0.08534514 0.11440228 0.04082074 0.18765324 -0.0024960996 0.10058822
817 0.86329585 -0.057675373 0.08259445 0.49346623 0.023113444 -0.0029355432 -0.0018888297 -0.022730103
359 -0.11319442 -0.5390728 -0.43644574 0.053372074 0.36155462 -0.072981454 -0.06653838 -0.60231125
357 -0.12175946 -0.44641817 -0.13194996 -0.2309496 -0.47332466 0.061756987 -0.37800282 0.5868565
477 0.8970341 -0.37200052 -0.00038846664 -0.045945514 0.14930138 -0.11051341 0.06947547 -0.12451247
248 0.15442616 0.24658574 0.045013748 0.65118533 0.012072856 -0.20645669 0.4721974 0.472799
1053 -0.5359011 0.7103885 0.34200212 0.04356296 -0.059604537 -0.043520812 0.28754854 0.034118265
1381 0.24827464 -0.17350233 -0.6573898 -0.66695535 -0.03295307 -0.08305183 -0.025482219 0.15044303
343 0.2856765 -0.2391203 0.06647377 0.36177513 -0.43866432 -0.026271904 -0.2807967 0.67375594
1238 -0.53730315 0.18268192 -0.21468408 -0.14704305 -0.49463302 0.5062002 -0.3231695 0.06987669
1111 0.3927649 0.14684786 0.73182666 -0.029929174 0.23553124 -0.24174297 0.19223934 -0.36991164
1071 0.09806585 0.1630808 0.8305642 0.19466645 0.27312884 -0.06311739 -0.18133174 -0.35297507
1536 0.6201905 -0.41427714 0.5840205 0.13456486 0.19090435 -0.21585907 -0.006649967 -0.038298767
900 0.50639707 -0.42370293 0.48369882 0.567853 0.061866116 -0.00785736 -0.0050556967 -0.06084005
161 0.65906334 -0.17748421 -0.17575894 -0.709356 0.00538011 -0.00068330555 -0.00043966237 -0.00529088
1336 -0.65289235 -0.36060143 -0.2191773 0.058009055 0.109097324 -0.2752858 0.3800837 -0.40018278
289 0.47228268 0.19302063 0.38134956 0.014204594 0.32566258 -0.57551545 0.24660537 -0.3097974
947 0.053027295 -0.3475645 -0.15984492 0.69690746 -0.016723683 -0.25221127 0.3487226 -0.4238619
831 0.6120975 0.2705671 -0.0063892263 -0.7429336 0.008360959 -0.0010618909 -0.0006832572 -0.00822229
1122 -0.26082504 0.4860199 -0.06751845 -0.5562161 0.34996772 -0.1427768 0.03567277 -0.48752907
1049 0.14943032 0.15629742 0.7502571 0.58078474 0.07837798 -0.20932552 0.05180813 -0.020015536
488 -0.4053902 -0.06176825 0.13921633 -0.3379476 -0.37946865 -0.41935706 -0.031215923 0.61434716
1283 0.06424883 0.39989826 0.76282597 -0.10635847 0.28456354 -0.08474334 -0.33887172 -0.19936353
1143 0.50335145 0.55655843 -0.22072805 0.19842356 0.1188588 0.48835483 -0.0122678345 -0.309869
365 0.37798053 0.30159122 -0.34086826 -0.8061904 0.004445793 -0.0005646419 -0.00036331007 -0.004372059
370 -0.44026023 0.7220503 0.38599586 -0.11907416 -0.17100365 -0.12032693 -0.20287839 0.19173452
82 -0.4658728 0.5093179 -0.15120928 -0.35646632 0.29581052 -0.11355338 -0.49567837 0.16592239
772 -0.80283487 -0.06614878 0.124487914 -0.08140883 0.18866315 -0.12134537 0.52718896 0.026630802
1252 -0.21864653 -0.43345496 -0.41880363 -0.15844662 -0.5101126 -0.32665864 -0.13265596 0.42342693
1303 0.48162892 -0.46135542 -0.3655532 0.2523215 -0.37947184 -0.13724838 -0.008120619 0.44157386
251 0.0022490872 0.43602523 0.28337115 0.4953182 -0.28522274 -0.46755856 0.29429266 0.31251615
672 0.16118464 0.13640505 0.7144165 0.634685 -0.10883376 -0.0004380361 0.12200716 0.12436386
44 0.104758784 0.30612797 -0.4004715 0.22133501 0.6299494 0.10081829 -0.026734715 -0.5274745
1240 -0.57602996 0.1318483 -0.23274934 0.08878928 -0.07506948 -0.010476217 0.75232136 -0.13044944
415 -0.6978985 -0.38675582 -0.045020446 0.36947855 -0.33703086 -0.08553426 0.244712 0.2098246
304 0.59509414 -0.31967336 -0.57379013 -0.15405482 0.26904976 -0.032919124 -0.31323838 -0.13825357
1069 -0.7754798 -0.15114121 -0.07504259 0.2354149 -0.23564048 -0.3553851 0.15592006 -0.3295447
1019 -0.018435348 -0.05989868 -0.018987153 0.8722798 -0.27271134 0.21438451 0.0321492 0.33685878
510 -0.12197858 -0.741493 -0.4209257 -0.27188978 0.052909672 0.20730254 -0.28498688 0.23919772
1246 -0.38522327 0.3437932 -0.22016592 0.4280065 0.22834915 0.50628245 -0.18214686 0.4001299
554 -0.82265145 -0.46104163 -0.08645599 0.21985827 0.09959353 -0.1601875 -0.11919344 -0.071323514
560 -0.5498126 0.0014576486 0.09922975 0.66246575 -0.20204693 0.02839295 0.24030982 0.3868055
881 0.51604426 -0.2289097 0.3448434 0.57559127 -0.1557444 -0.13910986 0.17443933 0.3962818
1442 0.3492656 0.45937094 -0.5716444 -0.2715092 0.28116232 -0.13022882 0.26004705 -0.32071954
883 0.30705547 0.41518003 -0.43710628 0.0181478 0.20024656 -0.5023596 0.4044165 -0.2931462
28 -0.55048734 0.71960217 0.2669757 0.32324272 -0.002309152 0.049356632 0.020003745 0.023090014
459 0.05672296 0.46023145 0.09300804 -0.8807085 0.018371042 -0.0023332303 -0.0015012809 -0.018066354
985 -0.43690318 -0.12220798 -0.107142076 0.18134105 -0.5240425 -0.3222047 0.54832375 -0.26593518
1169 0.06256523 0.068496704 -0.205651 0.21807517 -0.4411959 0.082689896 -0.258009 0.7959174
1149 0.22804488 -0.2833214 -0.006444078 -0.64757234 0.39365613 0.17224033 -0.4045093 -0.3163439
5 -0.37538034 -0.55350673 -0.20111033 -0.61491925 -0.03473754 -0.2595987 0.16672869 -0.19429924
25 0.26222724 0.07763328 -0.7324298 -0.5768396 -0.09124686 0.0022156183 0.2132654 -0.046898626
1153 0.78806555 -0.2572871 0.2043556 -0.3280984 0.107402824 -0.11685379 0.36588576 0.06544862
1182 -0.4316655 -0.025503164 0.35761514 0.09792392 0.31541395 0.38264918 -0.6128225 0.23254935
87 -0.09692194 0.26350355 -0.0061194836 0.36719626 -0.57101744 0.5009231 0.4558043 0.039485257
871 0.8518551 0.26332593 -0.32633516 -0.27293643 0.02736665 -0.11029908 0.10324913 0.020932032
1191 -0.4078187 0.22684088 0.469882 0.7316138 0.04497235 0.0040819547 0.052022684 0.14640276
914 0.47130665 -0.45220712 -0.68760383 -0.15734917 0.16289935 -0.18268658 0.032436445 -0.121894136
867 -0.32480288 -0.3194448 0.112673774 -0.069260634 0.64647496 0.08806043 -0.1808681 -0.5626437
623 0.14655554 0.18425451 -0.20392904 0.48528004 0.40965185 -0.079871275 -0.31021512 -0.63012743
1146 -0.6006467 0.21151812 -0.60531396 -0.21147318 -0.1806304 -0.07825589 -0.3072539 0.22405636
173 -0.14135502 0.28877917 -0.25313792 -0.16048287 0.38224548 0.12481953 -0.8030171 0.016239477
1204 -0.4153746 -0.003028551 0.79866374 -0.43518513 0.010145745 -0.0012885693 -0.0008291099 -0.009977476
1025 -0.68593407 0.08347287 0.11983181 0.33692282 -0.29436558 0.17728329 0.16492708 0.49936825
727 0.39548057 -0.5369256 -0.15508038 -0.45366815 -0.3603131 -0.10759918 0.0009123071 0.4289956
952 0.27900037 0.34849605 0.08786378 -0.481459 -0.49779916 0.3439938 0.1496497 0.41551858
21 -0.1625886 0.5466667 -0.12758866 0.20666179 0.30014074 0.2584711 -0.65325123 -0.17917497
209 -0.43241054 -0.3004427 -0.27208716 -0.72518635 0.11810622 0.040177904 -0.32744837 0.0065544904
122 0.20942762 -0.09701532 -0.2984181 -0.21608506 0.22077519 0.7718793 -0.16637425 -0.3725083
1289 0.1484609 0.28326303 0.93663716 0.08979906 0.009456362 0.09940037 0.04864915 -0.0056588724
695 0.013429533 0.082422525 0.9580945 -0.27359536 0.010672466 -0.0013554659 -0.0008721535 -0.010495461
497 0.07498578 0.21826534 0.22073819 -0.48228726 0.12358184 -0.41270265 0.50320643 -0.4760235
1068 -0.038886502 -0.2754485 -0.5341256 -0.3824759 0.43852162 -0.13893303 -0.3053424 -0.43150946
852 -0.26857933 -0.4724247 -0.14354278 -0.39930996 -0.29540142 -0.4073224 0.41913053 0.3094885
810 0.11481398 0.78769976 0.53618187 -0.013746465 -0.039213907 -0.07499514 0.26738638 -0.0030719875
397 -0.4810142 -0.5955244 -0.3453794 0.30489826 -0.07138174 -0.086686075 0.37329373 -0.22308704
508 0.14090662 0.32588458 0.5584768 -0.5422164 -0.2950664 -0.11058467 0.01648587 0.41046882
1268 -0.6374763 0.29594946 -0.12809704 -0.3743513 0.47170484 0.10179514 -0.2636972 -0.21699321
853 -0.6891332 0.5482529 0.004166137 0.3556165 0.25026944 0.04013062 -0.104845084 -0.15098326
1011 -0.3439359 0.59017444 0.3504301 0.41935277 0.26011598 0.15728831 -0.2080441 -0.31474116
592 -0.44074157 -0.5549267 -0.05831836 -0.47459543 0.34583452 -0.35319757 0.15421112 0.0320952
447 0.393685 -0.5758711 -0.46679074 -0.18489201 -0.05215243 0.0511678 -0.47121626 -0.18418193
1148 0.5549766 0.14006256 0.61764836 0.036199976 0.3175229 0.02232443 -0.15712659 -0.40444502
641 0.31723192 -0.291885 0.27415445 -0.06193728 -0.30564588 0.116338074 0.67772704 0.41097713
567 0.3767349 0.6112414 0.6898977 -0.09085262 0.01101881 -0.0013994536 -0.00090045674 -0.010836061
134 -0.15865912 -0.7230495 -0.32547128 0.51383656 0.09124755 -0.072309144 -0.25916317 -0.036699634
872 -0.80082476 0.20566785 -0.06248567 0.21522498 -0.041971534 0.37049085 -0.16361454 0.31679544
1189 0.8110326 -0.19716838 -0.3856345 -0.24549776 0.021887712 0.011841852 -0.15599379 -0.26346624
208 0.6270505 0.004437567 -0.31996673 0.21143799 0.2638706 0.3354417 -0.51823944 0.09477366
354 -0.70830923 0.34642488 0.45307085 -0.392983 0.09453269 0.08267447 -0.052717037 -0.0053337263
1273 0.18310685 -0.75418156 -0.24839786 0.48546866 0.023825422 -0.1500971 0.18037939 0.2113464
1186 -0.13972646 -0.004394961 0.88124293 0.37683696 0.15124287 -0.0039133006 0.16847561 0.10290048
1086 0.63714904 0.12815209 0.60698235 0.3391768 -0.068652704 0.059893396 0.2558523 -0.14278935
844 -0.79897916 0.37497982 0.24037388 0.31072387 -0.20007232 0.14635153 -0.016206196 -0.070591316
405 -0.15985098 -0.16525768 0.31937826 0.89281666 0.108474284 -0.07099797 0.1691067 -0.051080015
577 -0.26987973 0.4060101 0.6359469 -0.16302685 0.22863135 -0.438401 0.16030377 -0.24728435
838 0.16063783 0.4982488 0.73861426 0.42355412 0.022354817 -0.0028391932 -0.0018268347 -0.021984058
256 -0.28270185 -0.16701278 -0.2763892 -0.15338048 -0.8058268 0.35648045 -0.12582245 -0.0017864839
1232 0.58956313 -0.04105188 0.64488727 0.0039249826 0.14926639 0.40951368 -0.14589065 -0.15352227
575 -0.3204045 -0.02882884 -0.2625095 0.5587075 0.24171323 0.014742726 -0.6720525 0.07174516
314 -0.34878746 0.5366566 0.25133604 -0.5534812 0.24304911 -0.3528908 -0.18451247 0.056446783
121 0.643903 0.14741632 0.00013744968 -0.6895958 -0.07457404 0.14375037 0.21064146 -0.1323611
865 0.504707 -0.32230464 0.6620275 -0.21258453 -0.18548024 -0.2638075 0.23145545 0.01868319
862 0.72664577 -0.38187724 -0.42937267 0.20743895 0.14612333 -0.21750642 0.068705395 0.15931867
738 -0.6589634 -0.133238 -0.29709414 0.33241713 0.14226535 0.28258005 -0.49762145 0.039126225
262 0.084835 -0.27096415 -0.2566761 -0.6388594 0.55444866 0.064009756 0.12739618 -0.34295356
797 0.020907454 -0.33824602 0.4232399 0.45732698 -0.07214299 0.18818659 0.48568296 -0.4694313
290 0.21982943 -0.08716604 0.27858868 -0.7841409 0.2533423 -0.1451899 0.009137523 -0.40772876
1258 -0.31693405 -0.22330761 -0.651005 -0.5876498 -0.068758555 0.25857204 0.037688833 0.08682778
1140 -0.7876651 -0.1806996 -0.50212663 -0.2763522 -0.10021492 -0.03191199 0.041299555 -0.07524938
941 0.5654368 -0.5475331 -0.5683354 -0.023494834 0.12099938 -0.13121237 -0.14391404 -0.066050865
878 0.26191977 0.149966 0.7921119 -0.5304427 0.0069956384 -0.0008884872 -0.0005716833 -0.006879614
565 -0.2713621 -0.070073135 -0.56720054 -0.38835594 -0.11600209 0.20896307 -0.6184951 0.09621461
861 -0.16011894 0.33272433 0.49249658 0.51498216 -0.23767431 -0.092040025 0.25440276 0.4756214
1051 0.38078672 0.14904812 0.24661143 -0.8785904 0.004901023 -0.0006224587 -0.0004005114 -0.004819738
236 0.30511737 -0.55183035 -0.36755556 -0.24682942 0.3099665 -0.12089015 0.19914001 -0.50597864
729 -0.50043833 -0.5318594 -0.07624923 0.08929226 -0.57829905 -0.14485201 0.29768997 -0.094175644
961 0.38352415 -0.35815904 -0.13485415 0.18716316 -0.51975757 -0.18798727 -0.011122704 0.60481787
1474 -0.032036718 -0.18897799 0.3268447 0.8433593 -0.2890221 -0.1782255 0.16946717 0.034080584
453 0.2986151 -0.12966694 0.69418836 0.622184 -0.09255782 0.114831805 -0.009692986 0.056194764
419 -0.46150985 0.58808815 0.54766804 -0.19005021 0.12768182 -0.033008076 0.28819972 -0.06819288
409 0.45223498 -0.43379092 -0.576483 -0.45245788 0.012825342 -0.25728595 0.044315405 0.043977033
486 0.79140073 0.1912634 -0.41746572 -0.13197722 0.07380017 -0.2399738 0.20979999 -0.1958515
1257 0.18999994 0.11791848 0.29493552 0.70258355 -0.35280946 -0.3015361 0.15290111 0.36139628
152 0.16513853 0.31580895 0.6919434 -0.6275402 0.014208131 -0.0018045161 -0.0011610879 -0.013972485
100 0.5567246 -0.663702 0.10567403 0.35912833 0.14694624 -0.25922912 0.12581135 -0.06925215
833 -0.005229686 -0.23369111 -0.77800864 -0.42005172 0.3312207 -0.12863638 0.15522726 -0.1151968
1327 0.22201017 0.7352863 -0.1496649 -0.47061288 0.31435362 0.049816787 -0.24736124 -0.060843956
799 0.37299263 -0.11779163 -0.39207596 0.049571246 0.41032436 -0.1432631 0.111343905 -0.69966626
922 -0.30119303 0.5408304 0.15370245 -0.7035731 -0.00541453 -0.11901132 0.25401014 -0.13939707
999 0.15886468 -0.5689567 -0.7189221 0.06852451 -0.27859986 0.1403081 0.054878667 0.17085016
107 0.49604225 0.119600184 -0.6059775 -0.5522125 0.030853739 0.091033496 -0.21732812 -0.1049766
1177 0.5513871 -0.38958636 0.21793331 -0.5195197 -0.26839843 -0.14983505 -0.17779462 0.3173325
1026 -0.22790083 0.8663509 0.399169 -0.18101957 -8.1971724e-05 -0.035508774 -0.037386 -0.052296657
1161 -0.5611281 0.08719048 0.14058708 0.21114135 0.12661026 0.27406666 0.72149086 0.03867643
719 0.22498532 0.38729626 0.2149884 -0.59891045 0.4534264 -0.19291642 0.17468064 -0.34805757
658 -0.5564068 0.25285807 0.65233326 -0.44228756 0.02586789 -0.06355837 -0.010685309 0.022232035
1100 0.8057837 0.20932962 -0.117874585 -0.12850791 -0.017568855 0.39312586 -0.255075 -0.23783419
79 0.6410896 0.45009091 0.132272 -0.60699457 0.015593901 -0.001980517 -0.001274333 -0.015335273
1101 0.07935554 0.27715153 0.2737553 0.13355872 -0.13489816 -0.48333964 0.62236625 -0.43006438
327 -0.7017253 0.17813045 0.0067703687 -0.07620704 0.19161056 -0.4800696 0.3775368 -0.24552448
1379 0.738931 -0.19770794 0.47927174 0.39226946 -0.053784806 0.0782956 0.08912801 0.11978754
634 0.616263 0.06729228 -0.25286272 0.4107933 -0.051564287 -0.44451353 0.42447188 -0.05072899
507 -0.009647771 -0.4214476 -0.35577002 -0.49937811 -0.30832627 -0.40059528 0.00924834 0.43670437
621 0.27405918 -0.17164275 -0.84179056 -0.16404063 -0.12473164 -0.24444531 -0.2594842 0.13140105
96 0.5824654 0.026507262 -0.25912064 0.379016 0.22910509 -0.33133498 0.2432978 -0.4772513
233 -0.61834013 0.5042482 0.4119924 0.14473997 0.34703487 0.07682734 -0.21210809 0.037098102
1027 -0.053560693 -0.6040331 0.3578448 0.115152374 -0.44983405 -0.008619411 0.48337343 0.23428065
632 0.4755879 -0.22943105 0.16613248 0.027688473 -0.04914256 -0.4422778 0.69764745 -0.0898571
218 -0.35906017 0.7118664 0.18175922 -0.4291481 -0.1841506 0.16109149 0.03489465 0.2933223
1024 0.401371 0.05197017 0.81506217 0.41433293 0.010084519 -0.0012807932 -0.0008241065 -0.009917266
1281 0.5777223 -0.24008428 -0.03791346 0.3618955 0.0176009 0.01340325 -0.6749595 -0.14188366
1239 0.15004593 0.25226644 -0.0883475 -0.95180964 0.007117342 -0.0009039443 -0.00058162893 -0.0069993
712 0.52669203 -0.51905346 -0.21717747 -0.133843 -0.17039551 -0.34221807 0.16439731 0.4635997
168 -0.14452966 -0.61810285 0.16957384 0.6618991 -0.15578268 -0.25314113 -0.031886496 0.20206192
339 -0.20084162 -0.16874833 0.13232246 0.2731466 0.33067006 -0.5481879 0.623678 -0.20060253
1393 -0.52252465 0.15560931 0.6124773 -0.28218305 0.32094902 -0.15362057 -0.06942338 -0.34142458
1270 -0.3072552 0.5583823 0.22701623 -0.29049408 -0.024504872 -0.2989035 0.24494892 -0.55492043
808 0.21327336 -0.19090089 0.064192384 0.15171409 0.7905625 -0.1393322 -0.13231209 -0.478565
190 -0.0216855 -0.6447875 -0.49740642 -0.4471983 0.16144378 0.06192989 -0.2055397 0.25344318
877 0.41944999 0.17894232 -0.5477865 -0.5853219 0.27112338 0.102383815 -0.120169826 -0.22569536
303 0.03942993 0.6285476 0.09169861 -0.117962405 -0.48253396 0.113316424 -0.26688778 0.5139463
612 -0.3635044 0.5471538 0.44746447 -0.36197725 -0.2872373 -0.19611642 0.06798061 0.3341362
798 0.18266997 0.78614557 -0.036642246 -0.123183295 -0.39675122 0.35078266 -0.030317385 0.22519062
1244 -0.16603865 -0.40776455 -0.40197852 -0.5823666 0.15503538 -0.029364238 -0.45003068 0.27927715
1133 -0.7671742 -0.34313074 -0.3202834 -0.31266516 -0.023009289 -0.27001983 0.0031203318 0.14111756
1370 0.52925676 -0.54168165 0.5977497 -0.26250058 0.0113665825 -0.0014436228 -0.0009288767 -0.011178065
603 0.31300882 -0.42663497 -0.5828232 -0.5510633 -0.03500898 0.17918614 -0.19975255 0.058481485
594 0.26091293 0.46088403 -0.49627143 0.21090782 0.26107988 0.5438019 -0.18103662 -0.17912456
1427 0.44877192 0.1695175 -0.061167978 -0.805367 -0.104585476 0.26395902 -0.18963562 -0.03059153
276 -0.59822 -0.11138039 0.068724066 -0.35380235 -0.52451116 -0.3251259 0.34354463 0.031406976
555 0.562941 -0.37851593 -0.30465075 -0.6479677 -0.12325523 0.038937367 0.06344309 0.08009891
389 0.82626206 0.0044095246 0.04938803 -0.3842946 0.14131731 0.24774225 -0.27088088 -0.11147577
1231 -0.0020298536 -0.19428651 0.723483 -0.074930824 -0.30424812 -0.44424927 0.025479909 0.3776674
1180 -0.31475502 -0.02635281 0.6009819 -0.6063268 -0.07794167 0.14552675 -0.33952495 0.1699801
465 -0.09627115 0.02477458 -0.8101659 -0.42670238 0.12874953 -0.1159321 -0.3454613 -0.04810595
916 0.14287218 0.81970876 0.20221195 -0.15460525 0.24047337 0.11291972 0.076965965 -0.40788534
174 0.9015239 -0.18946798 -0.17439596 0.038211852 0.060373496 0.001990784 0.29516232 -0.16944799
238 -0.33595043 -0.6521788 -0.12257066 -0.3755465 0.087511726 -0.5094366 0.18017575 -0.07806444
1241 -0.21380998 0.4981156 0.4171265 0.3595872 0.04369155 -0.119786695 0.44816616 0.43099663
1375 0.26804677 -0.3217602 0.6469526 0.5062102 -0.20203012 0.08129042 0.29375 0.12693131
16 0.0011272109 0.11037359 0.033889875 0.22811428 0.052037355 0.27181274 -0.9014549 0.2131211
1108 -0.6831941 -0.0727127 0.57275563 -0.177224 -0.0031838578 0.38823488 -0.001498286 0.13327543
667 0.48386607 -0.17337112 -0.5602999 -0.16771409 -0.063875474 -0.5501778 0.08093476 0.28359458
553 0.72463614 -0.11110391 0.6300825 -0.25573397 0.008813487 -0.0011193648 -0.00072023785 -0.0086673135
1338 -0.46932113 -0.16517742 -0.26201198 -0.034028914 -0.358246 -0.40622076 0.5584541 0.27824342
145 0.5331299 -0.119930476 -0.4633149 -0.45962477 0.28205988 -0.15914829 -0.31336245 -0.26905718
136 0.22038636 0.2868276 0.6878557 0.52586097 -0.0036848101 -0.19171205 0.25566477 -0.13173059
1256 0.28080195 -0.37902585 0.16181278 0.783872 -0.165257 -0.22046863 0.09688505 0.22704168
177 -0.33055457 0.39471108 0.51495737 0.15639932 0.61401725 -0.24314155 -0.084207155 -0.04548789
70 0.25381076 -0.9075198 -0.23869316 0.04985102 0.12047761 -0.006505141 0.1611031 0.10962241
684 -0.3303472 0.7024227 -0.3112636 -0.33315927 -0.23435038 0.3534401 0.003495837 -0.09869522
442 0.41180483 -0.39040127 0.6443404 -0.51228297 0.014091938 -0.0017897588 -0.0011515926 -0.01385822
253 0.17709188 -0.23110728 -0.14412545 -0.50494 0.3493373 -0.6472613 0.31258592 0.028238496
53 0.41403878 -0.3969739 0.12834376 -0.05872709 -0.6238367 0.034121428 -0.04391594 0.5087214
535 0.50934905 0.23490581 0.741007 -0.27608344 -0.051936246 0.09785154 0.21822968 -0.013141807
1362 0.746719 0.43327767 0.23256984 -0.20896317 0.091265246 -0.3401006 0.1138565 0.1413001
1214 -0.23425995 0.0075252284 0.84126157 0.48590988 0.024925638 -0.0031657026 -0.0020369221 -0.02451224
824 0.097688004 0.28998384 -0.65616024 -0.5660653 0.1276565 0.31733242 -0.16204897 -0.110156484
934 0.73464215 -0.18844628 -0.41875467 -0.4992634 0.009226853 -0.0011718646 -0.0007540181 -0.009073824
1110 0.5243853 0.025992183 -0.14542231 -0.8348131 -0.0014540502 -0.05233302 -0.047117893 0.0363717
1282 0.5004773 -0.19827703 -0.2355549 -0.31280333 -0.26128662 -0.33289233 -0.60676414 0.09811165
1028 -0.27792713 0.15654151 0.15871792 0.638882 0.057371456 -0.618321 0.16464154 -0.22840877
294 0.3644188 0.05216063 0.07750283 0.37842718 0.2675257 0.23170479 -0.75380963 0.14757444
57 0.061784048 0.5771363 0.44716007 -0.6141609 -0.106527135 -0.0653533 -0.23755954 0.1178858
157 -0.37168872 0.6896212 0.34456918 -0.48421302 0.11793785 0.05272917 -0.12361352 0.033315048
783 0.6801036 -0.17704539 -0.5013471 -0.41248944 -0.050671514 -0.23605128 0.13330023 -0.09252492
636 0.09123961 0.24004829 0.70816654 -0.5904081 0.0112394085 -0.02092741 -0.2517686 0.14148849
705 0.68120784 0.5774927 0.23503824 -0.38068393 0.033958904 -0.0043129805 -0.0027751205 -0.03339569
1002 0.04930866 -0.24513918 -0.46664235 -0.63575315 0.049501702 0.16925363 0.22401248 -0.48400366
807 0.18537813 -0.16062585 0.42666614 0.28550127 -0.1222058 0.40265846 -0.60416245 0.36633164
76 -0.5052292 0.5999262 -0.3308052 -0.38220167 -0.021258187 -0.33809376 0.11964835 -0.01570815
1021 0.2142307 0.025428576 0.14772594 -0.8625972 0.25662494 -0.088850126 0.058361016 -0.33227223
801 0.58870167 0.4386242 0.23367232 -0.63733894 0.010878238 -0.0013816002 -0.0008889692 -0.01069782
355 -0.11158844 -0.5696538 -0.28106362 -0.26595196 -0.19423288 0.08309156 -0.6812197 0.06800386
260 0.25670147 0.72021794 0.36639664 0.31324476 -0.13945967 0.07440816 0.3639049 0.1600295
1080 -0.2893162 -0.40422747 0.3858175 0.43743512 -0.034678344 -0.26558354 0.566423 0.14184278
1135 0.05986272 0.49045953 0.2353299 -0.24865162 0.253858 0.11678513 -0.5283732 -0.5304688
1237 -0.11104351 -0.51156265 0.23289941 0.59055215 -0.08773549 -0.005415826 -0.084418975 0.5550906
1121 0.16782369 -0.39403522 0.1515778 -0.42303202 0.2201715 0.19552372 -0.71541303 0.12696
286 -0.29949903 -0.4947207 -0.68312305 0.17158212 0.077914275 -0.18470387 0.1507071 0.32642865
763 0.24204609 -0.38184598 -0.47664672 -0.63391674 -0.22125219 0.15401134 -0.11183056 -0.2852836
848 0.0627533 0.53436667 0.83232105 -0.005052568 -0.13000429 -0.019865133 -0.020066334 -0.005648488
1061 -0.28874946 0.31561768 -0.12471207 0.0066403346 0.35784695 0.46291757 -0.64996076 0.19135314
283 -0.46053237 0.6507542 -0.4333857 -0.41862687 0.0261163 -0.0033169235 -0.002134223 -0.025683155
1185 0.3728078 -0.4226445 -0.34933344 -0.13111927 0.0876826 -0.4134553 0.59573907 0.098088264
295 -0.3553637 -0.5793555 -0.15767992 0.60357803 0.08388786 -0.096868 -0.36245888 0.03312871
1311 -0.21566345 -0.48445582 -0.35283068 0.37024778 0.4169718 0.30308104 -0.2050937 -0.3865641
1109 0.6837451 -0.21197875 -0.16430262 -0.15712881 -0.112554304 -0.48148888 0.3837828 -0.20996107
431 -0.5154485 0.51025337 0.64688534 -0.000258515 0.09547668 -0.17624271 0.07101138 0.101359524
167 0.19504546 -0.37607348 0.41888326 0.1183079 -0.20827353 0.08354788 -0.6475816 0.401679
1087 0.09788664 -0.5800379 0.34516835 0.67348903 -0.2588804 0.045579936 0.062273238 0.09094528
682 0.3822375 0.14614266 0.119333774 0.5484607 -0.14018019 0.24075776 -0.6097344 0.2609526
1266 0.7789619 0.5149778 0.109165914 -0.31317964 -0.07133937 -0.046478245 -0.06260342 -0.08275818
142 0.46002525 -0.4393527 -0.5051684 -0.3994151 0.2779694 -0.051866904 -0.12794136 -0.29033175
1224 0.5331987 -0.39283368 -0.11491554 0.43357474 -0.3104993 -0.35163674 0.09776333 0.36134782
821 0.2689451 0.77802265 -0.25382072 -0.30303586 0.16418459 -0.3441692 -0.042750966 0.13732114
1062 -0.71049815 0.3517241 -0.018438615 -0.11545136 0.25441658 0.38240615 -0.38012987 0.048503898
1288 0.40308702 0.57769346 -0.45233777 -0.4666316 0.12343995 -0.008698888 -0.168195 0.19450906
932 0.20994687 -0.6860415 -0.4416107 -0.35407525 -0.17940077 -0.26134637 0.24547611 0.06430316
245 0.22314794 -0.28580162 -0.22043382 -0.7900771 0.10140917 -0.06360522 0.094637685 -0.41523942
1234 -0.47369695 0.2041634 0.17822783 0.14970382 -0.46458063 0.023516206 0.6229297 0.27444956
991 0.26670796 -0.3442277 -0.7139857 -0.26739296 0.37580293 -0.107660346 -0.15074368 -0.23142456
63 -0.5371473 -0.59260625 -0.35435593 0.35740075 0.059255388 -0.070598274 -0.3132302 0.01945912
730 0.50441587 0.008430216 -0.49059758 -0.18745454 0.33863547 0.30970952 -0.49024403 -0.13687658
653 -0.30177715 -0.44449306 0.25582612 -0.5010207 0.036790997 -0.28393874 -0.55901563 0.020362057
1044 0.16413319 0.17664209 0.4897243 0.32723802 0.4240947 -0.1339784 0.615772 -0.13402015
562 0.4354006 0.66880894 -0.23546664 -0.35559154 0.10312837 0.13632853 -0.33760783 -0.19501589
1533 0.26738137 -0.32842344 -0.19614975 -0.17501211 0.7777898 -0.14592576 -0.039743107 -0.35172516
1424 -0.1451307 -0.47543564 -0.28370294 -0.41530854 -0.3213661 0.48715106 -0.23187311 0.3249186
1005 0.27184346 -0.06363932 0.71232617 -0.6438299 0.007947155 -0.0010093354 -0.0006494412 -0.00781535
931 -0.64170545 -0.39136904 -0.382909 -0.07951569 -0.0106397495 -0.35301122 0.16925636 0.35878193
454 0.27637315 -0.07684833 -0.025026947 0.15953586 0.7667107 -0.20994782 0.1580075 -0.48450428
687 -0.16348217 0.17428534 0.88660014 0.020924976 0.34343195 0.08107302 -0.15389031 0.09055368
927 0.1383709 0.71107686 0.25296098 -0.27249035 -0.006474758 -0.38626447 0.31052622 -0.30218256
901 0.5935417 0.32901925 -0.31057602 0.027482957 0.25904152 0.2940587 -0.29619837 -0.44825822
489 -0.21276307 -0.24104315 -0.05347245 -0.32585433 0.405355 -0.6903534 0.37044355 -0.0972671
1073 0.7863153 0.107990764 0.41281277 0.24940448 0.27233025 -0.09437525 0.11010654 -0.20551261
764 0.6728947 -0.056507714 -0.04380936 -0.675366 -0.042487625 0.2082389 -0.14409627 0.14159395
1172 0.18965192 -0.013323549 -0.74049664 -0.22123207 0.3099777 -0.31444943 -0.15344128 -0.38479453
944 0.084495455 0.5045244 0.079360545 0.19490902 -0.19879422 -0.51576453 0.5119228 -0.35557127
30 0.22496338 -0.35624513 -0.22352028 -0.6834163 0.33359295 -0.22243842 -0.07163507 -0.3735866
629 -0.041775595 -0.5871133 -0.014303632 -0.7684947 -0.030074991 -0.21291028 0.12695412 0.020286834
78 -0.71501493 0.06722297 -0.29204106 0.26536828 0.22553742 -0.048641466 -0.31063557 0.4228463
127 0.46264178 0.2590572 -0.12443254 -0.7801394 0.20125853 -0.067317754 -0.04013046 -0.21932529
1092 0.25281808 -0.7247556 -0.6023575 0.0671905 0.08258015 0.016564585 0.16273926 0.099425055
434 -0.18164542 0.105639525 -0.2524123 -0.8648404 -0.21110176 0.20116265 -0.06629606 0.23400623
1046 0.29562545 -0.42210972 -0.77279127 -0.26861167 -0.16972364 -0.07720481 0.09087342 0.14847775
1221 -0.22025625 0.58658785 0.13627598 -0.20034759 0.25058988 -0.20689516 0.17325841 -0.6427069
1481 -0.4308285 0.5675032 0.08142774 -0.35000613 -0.3663274 0.46413678 -0.024005516 0.11400521
1285 -0.66893363 -0.24905372 0.172383 -0.11972608 0.41655174 -0.11835248 0.03514651 -0.50763357
1016 0.45773527 -0.5434332 -0.032823946 -0.13890736 -0.5569748 0.2332835 -0.015643131 0.3315105
846 -0.16113417 0.019027686 -0.24899802 0.49164006 -0.5152343 0.31096184 0.15798672 0.53182733
758 0.5928619 0.11026563 -0.7294074 0.24738193 -0.1333368 -0.1127819 0.04862199 -0.101294555
1261 -0.14450416 0.23344974 0.3143038 -0.433201 -0.4220374 -0.030544095 -0.21337846 0.6431104
263 -0.77830136 -0.10510988 -0.22283882 -0.3325427 -0.14845549 0.19980337 -0.36607355 0.16427669
1067 -0.879038 0.06395463 0.12456485 -0.19237114 0.07353124 -0.08760775 0.12332104 0.37734458
471 -0.7157546 0.5623066 0.13587701 0.029280106 -0.08083025 0.04223725 0.14234494 -0.35157824
225 0.099557824 0.31063414 -0.400078 0.21077654 0.6329068 0.09919952 -0.027661875 -0.5271894
210 -0.031433627 -0.50675136 0.27116403 -0.4848131 -0.2366364 0.043166276 -0.54338086 0.28375778
45 -0.45062009 0.6246508 0.35237238 -0.074795745 -0.13940477 -0.1523396 -0.43020627 0.22197722
500 -0.28687322 0.73993975 0.2540119 -0.5527438 0.008541802 -0.001084859 -0.0006980357 -0.008400134
591 0.26259074 -0.46685162 -0.3106795 0.4441056 -0.23559234 -0.34356236 0.1671542 0.46675986
980 -0.28997877 0.09957955 0.44096208 0.6540429 0.4511354 -0.26710057 -0.068543956 -0.06490298
1277 -0.03417481 0.04938128 -0.39418733 0.330491 -0.28023517 0.74337524 -0.31696495 0.0134233525
1058 -0.056764726 0.59384614 0.085193925 0.65927553 0.21926881 0.04685282 0.31892833 -0.22412717
964 0.8524491 -0.33168715 0.10346252 0.22715384 0.09707006 -0.21308531 -0.058108818 0.20689675
1276 -0.4189509 -0.026199896 -0.33039665 -0.78121674 0.11729383 0.09746393 -0.025603143 0.28358346
696 0.046705168 -0.15042792 0.08879975 0.18042643 -0.04151547 0.5154773 -0.7004126 0.4203959
1123 0.60752296 0.0059790057 0.17875157 0.20677502 0.42046043 -0.31833228 0.42109284 -0.31738052
686 -0.3172283 0.3980213 0.595178 -0.45872173 -0.2599704 -0.24113803 0.0124379285 0.2244906
362 -0.067920305 0.07191071 0.994744 0.007646357 0.017956607 -0.0022805945 -0.0014674132 -0.017658792
558 -0.38037378 0.75078744 0.10905667 -0.16002887 0.044943035 -0.28651342 0.22099061 -0.348116
388 -0.109355174 -0.64090866 -0.49645832 -0.42926708 0.080639504 -0.047606822 -0.2212694 0.29800552
551 -0.0735332 0.17883536 0.7307418 -0.6416285 0.06441228 -0.07625978 0.051383827 0.06584267
793 -0.5839257 0.011293868 -0.026161699 0.53029287 -0.15414679 -0.54955715 0.09374357 -0.2060241
749 -0.56651455 -0.3899603 0.32880628 0.38384414 -0.104106635 -0.006110442 -0.4354721 0.26651576
429 -0.111094736 -0.20314838 0.2903245 0.77073723 -0.20170894 0.2164372 0.21312466 0.36757436
322 0.30037433 -0.74195695 0.34945324 0.4605107 -0.0075211558 -0.070333414 0.05647716 0.12997949
1164 0.80289316 0.39228007 0.3234614 0.010429694 -0.012073412 -0.24979499 0.18444856 0.013347382
1220 0.13277073 -0.5744538 0.41383713 -0.23029363 -0.076929696 0.46920797 -0.36728704 0.25904542
66 -0.12149774 0.4156606 -0.39370102 0.15433666 0.023950035 0.21324164 0.32844076 -0.6926221
524 0.07821169 -0.22374232 -0.08206395 -0.78824896 0.3275143 0.12437853 -0.3573402 -0.25558507
938 0.59820896 -0.563644 -0.25797498 0.15257809 -0.40711918 0.25355342 0.065615065 -0.01671606
643 0.03672019 0.67927736 -0.38005525 0.12122444 0.28815758 -0.0049076835 0.20043933 -0.5048383
1120 0.51075697 -0.16223253 -0.35954946 -0.7636084 0.014776218 -0.0018766664 -0.001207512 -0.01453115
120 0.46845946 0.1406235 0.5720456 0.5854911 -0.052986063 -0.20572706 0.07702864 0.19917355
84 -0.45680305 0.08364818 0.09289201 0.33042303 -0.5596175 0.32922074 -0.28897735 0.40182045
909 -0.6209686 0.5895719 0.36894393 -0.1841595 -0.015402348 0.005097858 0.31042382 -0.01194139
1353 -0.19057764 -0.43535462 -0.12439635 -0.6157842 -0.5046844 0.22822645 0.2107543 0.16813909
201 -0.09320494 0.7879686 -0.15924011 0.107250445 -0.25247553 -0.27926287 0.41149828 -0.14998621
955 -0.35672602 0.6893387 -0.06706731 -0.62587494 0.025962008 -0.0032973276 -0.0021216143 -0.025531422
36 0.83881295 -0.31799477 0.37709853 -0.0111429095 0.023548706 -0.17854437 0.08088991 -0.11818931
1428 0.08876711 0.38076857 0.7897233 -0.45277166 0.039765462 -0.011846811 -0.09676669 0.08593776
138 -0.010344713 -0.12038965 -0.11132118 -0.9407052 0.19489266 -0.07266801 0.15474 -0.14447333
450 0.00091626105 0.7222757 0.08993225 -0.68556035 0.0108946515 -0.0013836848 -0.0008903105 -0.010713962
585 -0.2228617 -0.043098904 0.6108332 -0.6392008 0.23187491 -0.176334 0.24587739 0.14650986
1158 -0.45616734 0.30465895 -0.3150596 -0.5683805 -0.33771446 0.3597259 0.124513365 -0.13348348
521 0.4052589 0.22919457 -0.0026387277 0.13214393 0.36081332 0.7039389 -0.37272748 -0.033526506
449 -0.37033793 -0.572233 0.28634933 0.5002886 0.102922276 -0.06364441 0.43018913 0.0583804
297 0.45673013 -0.34593797 0.39480153 0.6213582 0.04512483 -0.12155145 0.3360204 0.0070397547
200 0.32406545 0.27958053 -0.5478175 -0.6625071 0.04569593 0.03515638 0.020626593 -0.27211568
411 0.7597292 0.4459284 -0.029930847 -0.43746743 -0.05206829 -0.15739015 0.025111157 0.059770208
1355 0.34218988 -0.23663113 -0.54298794 -0.565917 0.16982234 0.09159173 -0.4174459 0.018003453
1152 0.54642886 0.24122785 -0.59811366 -0.05892566 0.21749087 -0.28891343 0.20662317 -0.32946357
1226 0.25580087 -0.0012855899 -0.35707098 -0.89203167 -0.060819272 0.02681469 0.046591915 0.068958685
1222 -0.16325934 0.4373204 -0.12735721 -0.0922766 -0.09236118 -0.020129126 0.8297157 -0.2449454
744 0.8229263 0.0783976 -0.081781425 -0.26816317 -0.2833978 -0.07830467 0.007282657 0.38929102
378 -0.15146059 -0.59365124 0.5478656 0.51714015 -0.1628551 0.03370846 0.17032461 -0.019457718
403 0.49901772 0.2355731 0.5474735 -0.6102212 -0.12265574 0.037255164 -0.07388261 -0.03870945
1345 -0.019394618 0.15731573 0.22090589 -0.91622436 0.13187557 0.020254359 -0.25520775 -0.06063646
607 0.5427254 -0.103973806 -0.68225455 -0.30589083 0.07873921 -0.28828934 -0.077007435 0.200892
1354 0.1485417 -0.7445313 -0.52670765 -0.27994254 -0.03908084 -0.23053469 0.114191346 0.010316928
714 -0.37233886 -0.11702311 0.401681 -0.67624944 -0.3143787 -0.06699676 -0.070727006 0.34739533
843 -0.41006932 -0.3575201 -0.14159277 0.6948365 -0.27014142 0.17352277 0.06013417 0.30736536
1267 -0.008087021 -0.80015737 -0.021008134 0.44631314 -0.19549571 -0.24207261 0.22348167 -0.11525649
203 -0.29550463 0.17414899 -0.021905635 0.11169628 0.5730328 -0.059881248 -0.07296476 -0.72946346
1125 -0.12500079 -0.21678087 0.3658418 0.38185748 0.37876523 -0.27253962 0.33083197 -0.5749215
842 -0.4511756 -0.61162746 -0.3721185 0.3787179 -0.12986168 0.048502028 -0.3125771 0.15340163
745 0.6928934 0.3446036 -0.13318817 -0.53943676 0.2736785 0.0041256016 0.030612724 -0.12869298
503 0.33011198 -0.20809262 -0.29673412 0.31375468 -0.51428044 -0.2868797 0.06930905 0.55645525
776 -0.38814875 0.27347377 0.72672856 -0.12312337 0.2067341 -0.2025287 0.3081371 -0.22924575
380 0.51432407 0.2557969 -0.40191483 -0.49721473 -0.26619178 -0.08541272 0.17883582 0.3887739
80 0.032708175 0.6591007 -0.45722225 -0.5743653 0.043979492 0.12946324 0.0029316624 0.08285727
737 0.050248954 0.3735448 0.79840344 -0.4266972 0.08552813 -0.039269444 0.12494066 0.11812424
1105 0.2594418 0.61008465 0.6182843 -0.41460878 0.056315444 -0.007152392 -0.0046020956 -0.05538144
538 0.26173687 -0.09025582 0.04202247 0.56693166 -0.4160406 0.62313414 0.047429863 -0.19114082
780 -0.20615949 0.09658629 -0.40846738 -0.075249165 -0.6921005 0.45673782 0.2420848 0.17159203
1429 0.6065742 -0.33092877 0.29053324 -0.2617858 -0.2550741 -0.42320222 0.3141352 -0.16361105
587 -0.5900948 0.6469071 0.4363707 -0.1967525 0.045768738 -0.0058128983 -0.0037402194 -0.045009654
139 0.32738927 0.16380376 -0.07918164 0.20269741 -0.5722253 -0.3192029 0.07711821 0.61915195
74 -0.3138598 -0.63171446 -0.14814411 0.25691417 -0.22446415 0.21778357 -0.5129659 0.23136432
227 -0.30454308 0.89954424 0.04905094 -0.22380511 0.118300594 -0.107754886 -0.09376478 0.105739206
1175 0.17076932 -0.21126777 -0.40154746 -0.8336453 0.15104221 0.091625154 0.12367669 -0.15327774
1138 0.41604158 -0.39470384 0.28935355 -0.48607883 0.5045331 -0.20603408 -0.1212656 -0.19852203
1029 -0.4841053 -0.3906122 -0.52862424 -0.53264594 0.16174911 -0.014609013 -0.09498119 -0.12046313
99 -0.39820945 -0.14552727 0.32752982 -0.6527549 0.24780525 -0.17010374 0.008712945 -0.44324678
611 0.45018053 -0.033386204 -0.5876557 -0.6190972 0.21876977 0.0624939 0.017129658 0.124672
920 -0.4936512 0.22549492 -0.18606468 0.38012037 0.19087295 0.56081593 -0.28908244 0.30304
1243 -0.48743418 -0.6474478 0.25881618 -0.45397773 0.09309515 0.17793076 -0.111317776 -0.13198404
416 -0.629401 -0.23583083 -0.34033224 0.014646669 0.22153597 0.37212896 0.3305325 -0.36795065
1455 0.60376585 -0.56947476 -0.39567387 0.30108428 -0.1638753 -0.088653654 0.07560021 0.15338153
496 -0.030095004 0.37099493 0.39734778 -0.36971357 0.12150048 0.2491667 -0.6518588 -0.2551807
527 -0.021531533 -0.10130438 -0.19549952 -0.69514114 0.5592351 -0.14175567 -0.021543546 -0.36678326
989 -0.5152243 -0.29805505 0.040354073 -0.51264733 0.24934357 -0.50342673 0.09005297 -0.23989853
115 -0.46279857 0.5517769 -0.2369075 -0.62696517 0.17305964 -0.015708901 -0.0035494855 0.04404618
564 0.7052888 -0.51931435 0.16838379 0.45087296 0.02497143 -0.0031715182 -0.0020406642 -0.024557272
523 -0.42305365 -0.43147084 0.09475257 0.4966208 -0.14795902 -0.44631 -0.39754865 -0.010899618
766 0.45222884 -0.08496623 0.38859808 0.7782133 0.02121386 0.1267817 0.08427778 0.089548185
59 -0.7750927 0.39395344 0.054764822 -0.14239421 -0.10255184 0.370465 -0.0633067 0.26265502
426 -0.16593328 0.53944 0.5468055 -0.47283873 0.2911946 0.070634924 0.03462249 -0.26060644
58 0.44046867 0.3245172 -0.3462465 -0.58515817 0.28813648 -0.21626754 -0.32906106 -0.01742578
348 -0.31688848 0.22999674 -0.60579836 -0.08433063 0.012193244 0.09146473 -0.56473273 0.3809756
886 0.7520755 0.46118152 0.13397507 -0.45105 0.012250737 -0.0015559156 -0.0010011297 -0.012047556
828 -0.823025 0.057205155 0.0018821916 0.39646718 0.027772805 -0.15537775 0.25719643 0.26665384
1075 0.113539636 0.24977683 0.42585307 0.45851162 -0.31730524 0.4400919 0.4756969 0.111738846
774 0.3320293 -0.17515191 0.25373888 0.21177553 0.6126757 0.24852262 -0.4266355 -0.36151496
690 0.23039207 0.048362903 0.08915578 -0.9677362 0.007708348 -0.0009790055 -0.00062992587 -0.007580503
773 0.7753638 -0.06974141 0.59114033 -0.041007165 -0.014323028 0.021727454 -0.13719562 -0.15270472
1155 0.31759015 -0.5008139 -0.36721915 0.0115672825 -0.54267764 -0.3363632 0.23720904 0.2223307
608 -0.14370209 -0.20506991 -0.6181191 0.16207919 0.3045462 0.412719 -0.36147368 -0.36770448
1163 0.31118438 0.3937471 -0.55808794 -0.34152246 0.29476094 -0.25997433 0.19203177 -0.35872123
1348 0.04079525 -0.36068884 0.5640655 -0.43380404 0.14958982 -0.4702887 0.34398657 -0.0028390444
1124 -0.72879374 0.36609516 -0.14692119 -0.38481247 0.05417672 -0.39727074 0.06129662 -0.025517747
732 0.69220704 0.5617028 0.27505177 -0.243662 -0.09185739 0.1903155 0.046114303 -0.15339603
1076 -0.2982196 0.07110355 0.0906309 -0.638474 0.36714962 -0.29809538 -0.07548857 -0.5106741
1334 0.32657674 -0.21022674 -0.17769621 -0.12065509 -0.5970527 -0.16557768 -0.07759093 0.64273673
1030 -0.58213377 -0.24083498 -0.10279187 -0.4091103 -0.07361573 -0.10586975 0.49275637 -0.4071177
1017 0.073249914 0.19740261 -0.007888264 -0.47838756 0.66200036 -0.15357806 0.18101488 -0.48182213
473 -0.34014133 0.17153157 0.8004764 -0.17572726 -0.22341889 -0.07095654 -0.24754934 0.25885728
1269 -0.08252186 0.7842423 -0.40195674 -0.12389223 0.05980018 -0.43850684 0.06765912 -0.02816645
755 0.47244278 -0.6453352 -0.45662105 -0.24175702 -0.08713579 -0.18472472 0.08732241 0.20988065
479 -0.64481145 0.057009477 0.09879803 -0.39546412 -0.18349583 0.2119404 -0.43623993 0.38199526
1272 0.43091276 0.08524861 0.28656757 0.5238818 0.19113596 0.051696777 -0.3925781 -0.5071003
671 -0.67744386 -0.028696554 -0.095017485 -0.2206744 -0.39269087 0.08142814 -0.4196478 0.38154924
124 0.3050204 0.06417676 -0.3278797 -0.8292417 0.1308023 0.11605713 0.08557089 -0.26418987
427 0.2884718 0.5311141 -0.04579298 0.3509059 -0.24808387 -0.23958805 0.41254073 0.4693953
422 -0.21072051 0.34507525 0.76255226 0.42564857 -0.16467884 -0.14361617 0.15940736 -0.02649307
1530 -0.26513112 0.031364486 0.49805918 -0.7521272 -0.24179533 -0.115165986 -0.09143606 0.18674807
1134 0.7357835 0.05434853 0.47929543 0.4740676 0.024603581 -0.0031247993 -0.0020106037 -0.024195524
928 0.38084048 -0.5831376 -0.60823256 -0.2239666 0.056938495 0.034790102 0.120658435 -0.27530432
892 -0.44472107 -0.109307915 -0.5133435 -0.48958558 0.41587278 -0.073817305 0.20519826 -0.25798056
951 -0.0035641075 0.3957095 -0.6476985 -0.37541783 0.29578975 0.1606947 -0.3623269 -0.19584237
306 -0.3093983 0.13416678 0.11831977 0.6622503 0.055002436 -0.13123713 -0.6074414 0.21086325
211 -0.3204551 0.16644579 -0.23649006 0.38845086 0.033017814 0.03745546 0.80930233 -0.07293403
318 0.5352457 -0.7177594 -0.35042343 0.19984159 -0.05907229 -0.12779066 0.023123536 0.1234727
85 0.26822668 -0.30624008 -0.5709388 -0.2577095 0.030935101 0.44027978 -0.47120124 -0.15827897
1157 -0.25950816 0.4518337 -0.5576059 0.053123124 -0.3371213 0.40966552 0.005894498 0.36502585
1042 -0.086764894 -0.1200375 -0.14522472 -0.19661808 0.5619377 -0.48127335 0.31803033 -0.5193964
869 0.14886788 -0.43665674 0.7300247 0.502647 0.028171256 -0.003577915 -0.002302154 -0.02770403
75 -0.98177266 0.07032575 0.110178046 0.03921187 -0.040017895 -0.08710513 -0.06879042 -0.059823807
1078 -0.017477166 -0.2723187 -0.6261309 -0.5892944 0.09667207 -0.33125526 0.20982257 -0.15208
578 0.77382296 -0.07997579 0.4193531 -0.3290646 -0.10845527 -0.26272446 0.12920177 0.11481168
1060 0.26691353 -0.43650773 -0.18033025 0.3628604 -0.48040715 -0.26179087 0.10384734 0.51373315
1264 -0.17481746 0.60158926 0.11379036 -0.57794297 -0.121695064 -0.14608015 -0.19900407 0.42989656
841 -0.298226 0.24671027 0.6381824 -0.5016115 0.11774198 -0.17301859 0.37193286 -0.095768586
239 -0.5982767 0.33217508 -0.08169282 0.49983087 0.24512638 0.058819428 -0.40691248 -0.21469887
735 0.43540382 -0.11360076 -0.21095803 -0.28075096 0.48921245 -0.42709148 0.20826247 -0.45725787
1265 -0.62201923 0.48101294 -0.05514758 -0.4076226 0.20998593 0.0023216805 0.31290805 0.26553765
467 0.29906383 -0.06273138 -0.26106435 -0.72249967 -0.38721117 -0.114661954 0.37726387 -0.10515367
48 0.08285172 -0.37067395 -0.7037068 -0.4601651 0.22761673 -0.26084903 0.06516542 -0.15710908
804 -0.2612952 0.516332 -0.49536812 -0.05611842 -0.13165984 -0.18658584 -0.53005 0.2889388
966 -0.58466375 0.12447131 0.48975474 -0.10527343 0.42206326 -0.30355093 -0.17512757 -0.30130166
451 0.25646153 0.3642736 -0.18618865 -0.8756408 0.007734106 -0.0009822769 -0.00063203083 -0.007605834
986 0.31848618 0.74090326 -0.0009710945 0.54175687 -0.01853593 0.033074506 -0.03311232 -0.23150297
1230 0.34019518 -0.29855245 -0.56780833 -0.44813257 0.43272892 0.058409818 0.021413881 -0.28421816
1195 -0.26124513 0.38564786 -0.5870419 -0.3036987 0.42121732 0.16126366 -0.2519052 -0.28158364
1432 -0.018469712 0.02520702 0.16657941 0.120145 -0.7024599 0.46060038 0.037402984 0.49983838
1132 -0.39736694 -0.60116607 -0.107892156 -0.58211666 0.05037016 -0.059776705 0.35094947 0.030372536
569 -0.46731162 -0.63670456 -0.2559901 0.12576102 -0.068649895 -0.2628527 0.4539047 0.12266407
68 0.85505927 -0.014992991 -0.08783681 -0.46026814 -0.11691893 0.15623409 0.103632174 -0.016372968
321 -0.1631637 -0.24642515 -0.73057693 -0.46007952 -0.27493677 0.025345305 0.24543232 0.17540441
129 0.015768357 0.20778416 -0.267858 0.4172584 0.2467803 0.40406066 -0.0032094985 -0.6975305
1278 0.1296359 0.49053708 -0.3664263 -0.7156111 0.1664164 -0.06971477 0.013499175 -0.25191984
217 0.2619976 0.07568754 -0.36255613 -0.8056437 -0.31982824 -0.15629399 0.05058644 0.12586975
540 -0.14140244 -0.232868 0.50422674 -0.36641738 0.280634 0.23885658 -0.6253703 -0.101860635
827 -0.69844097 -0.1675994 0.2764203 0.12784235 -0.037277006 -0.11190994 0.6140606 -0.01883748
456 0.47704077 0.012829682 0.8052769 -0.010976911 -0.14525536 -0.21105719 0.21248001 0.11350832
904 -0.05066205 -0.55244637 -0.7274794 -0.35272115 0.00021512098 -0.18859218 0.05463771 -0.006732524
970 0.46185043 0.31112155 -0.50226957 -0.5691718 0.1780523 -0.005981204 -0.231129 -0.16884108
1211 -0.66597795 0.2888386 -0.023288595 -0.62052524 0.05392808 0.23859204 -0.10592222 0.1280541
1173 0.33504426 0.5348339 0.5672568 -0.43514484 -0.039170805 -0.22582762 0.15241686 -0.12166927
613 0.1719714 -0.13665004 -0.1191884 -0.2292538 -0.34168944 0.73556805 -0.38315678 -0.28349286
929 0.1394774 0.70065284 -0.35933828 -0.5175231 0.029209353 -0.06472528 -0.28945893 0.06203485
52 -0.21031529 0.40641847 0.7819688 -0.17201835 0.117581636 -0.013651942 0.30818647 -0.201334
299 0.016045189 0.4133616 -0.5754961 -0.6730576 0.018119147 -0.09335348 0.14091335 -0.12558948
406 -0.32899287 0.5735924 0.50625145 -0.5534506 0.008884339 -0.0011283632 -0.00072602776 -0.008736989
502 -0.074013546 0.117553405 0.54753953 -0.8250538 0.009766811 -0.0012404424 -0.0007981434 -0.009604827
1199 0.26676637 -0.18385857 0.009428595 -0.22334513 -0.5647661 0.680658 -0.24908881 0.027542792
1107 0.77988976 -0.120066725 -0.32650548 0.16428465 -0.15685868 -0.2618535 0.3421947 -0.18300676
1245 -0.88114387 0.2759378 0.10420117 0.14607328 0.03847911 0.056050923 -0.16135739 0.29084358
990 -0.12599416 0.07388774 0.9251736 -0.35004178 0.009788331 -0.0012431755 -0.000799902 -0.009625989
633 -0.5789411 0.0044459268 -0.086697064 0.15055048 -0.42060795 0.07589887 -0.4456148 0.50337005
691 -0.4901353 0.52678853 0.61978394 -0.124106064 0.044347305 0.024430197 -0.19383785 -0.20637318
1031 0.5589372 0.2567659 0.40327427 0.5729127 -0.09851582 -0.26098028 0.21607575 -0.07935302
317 0.0012894175 0.018710215 0.7630075 -0.46243656 -0.24013792 -0.005788366 -0.108062826 0.36639172
887 -0.07561205 -0.05173358 -0.472161 -0.86784875 -0.046284102 0.0013101002 0.028634217 -0.11200592
836 -0.10166423 -0.4392026 -0.10506792 0.51960224 0.25867182 0.20909728 0.316728 -0.5520781
570 -0.43739352 0.3144825 0.32476118 0.40340707 -0.02796388 0.3783761 -0.19255947 0.510442
987 -0.09891054 -0.5577995 0.07727392 0.542884 -0.022036757 -0.4491498 0.15581474 0.38972124
790 -0.35479927 0.5725013 0.47370195 -0.5118787 0.0110174315 -0.11843629 -0.030154962 0.211869
689 -0.058787353 0.588768 0.06363061 -0.8031819 0.019365791 -0.0024595694 -0.0015825718 -0.019044606
71 0.6830948 -0.3379327 -0.41603684 -0.12595886 0.19400555 -0.085476995 -0.38876724 -0.18478724
1102 0.010742221 -0.41635793 0.21622169 0.31144646 0.15786043 -0.00038119082 0.75850165 -0.28728908
924 0.5670819 -0.7071899 0.36894011 0.04082116 0.09520464 -0.06857931 0.16293928 -0.01417154
420 -0.18482132 -0.58243895 -0.1604191 -0.29163456 -0.13629603 0.45728 -0.4354757 0.31384715
323 0.2359674 0.37875023 0.49428242 -0.58512145 -0.24277747 -0.27105284 0.26749936 0.10108922
62 -0.47938174 0.8155446 -0.031294398 -0.1846821 -0.04356429 0.18509693 -0.18259957 0.02217768
1178 0.6514644 0.009524216 0.58041865 0.16164805 -0.25692523 -0.13336936 0.07158839 0.35151774
854 0.33158118 -0.09555978 -0.09540529 0.34398955 -0.10083977 0.8245535 0.20852457 -0.14124958
825 0.08487758 0.45666495 -0.617379 -0.5148605 0.17903054 0.036569938 -0.050160125 -0.31954542
683 0.12033702 -0.24133527 -0.06903947 0.84371525 -0.25606754 -0.21983576 0.22273529 -0.21712895
371 0.17536297 0.63496995 -0.03332713 -0.75119275 0.018206196 -0.002312294 -0.0014878097 -0.017904243
1006 0.27057496 -0.07794587 0.77759695 -0.014698932 -0.35045058 0.08772786 0.4289192 0.03683989
703 0.13458861 0.3237588 0.25758895 -0.31385812 -0.48058182 0.46660078 0.15614675 0.4890299
921 -0.29142937 -0.07192908 0.1019989 -0.40588555 0.66187185 0.022834761 -0.36128557 -0.4069707
717 -0.11034436 0.107138686 -0.13501057 -0.4007226 -0.47909656 -0.39920977 0.15996556 0.61890876
698 -0.33756453 0.7253487 0.26505986 0.25230077 -0.21872549 0.36980778 0.072998725 0.18994625
1216 0.47797564 -0.09198162 0.41442856 0.5292741 0.1400314 -0.52119046 0.10218822 0.09749784
1259 -0.13959174 0.24400115 0.042361353 -0.45945388 0.706245 0.3373516 -0.30500826 -0.04966731
1095 -0.14919512 0.78788733 0.43783945 0.27543476 -0.0071242508 0.25680947 -0.14506824 0.04858091
485 0.064392984 -0.13753936 0.029055895 0.76663095 0.105251774 -0.50778854 0.28271967 -0.19877522
300 0.22047812 0.698677 -0.3167526 -0.14914571 0.0783284 0.5022733 -0.2092531 -0.196119
1043 0.32751873 0.3669206 -0.031751856 0.4724589 0.41824204 -0.41580382 0.1461882 -0.40581393
1325 0.21161981 0.012509609 -0.7049146 -0.5995968 -0.25786632 0.07771632 0.15461096 0.046903983
571 0.099790394 0.15567268 -0.6740727 -0.44451466 -0.030668123 -0.06757633 0.12675652 -0.5406167
1190 -0.37157267 -0.6291978 0.121625155 0.3824012 -0.07753551 -0.21738 0.492811 0.0942971
1103 -0.65012765 0.5562561 0.47916624 0.19163236 0.02826702 -0.0035900776 -0.0023099799 -0.027798206
1425 0.19318858 0.73162144 0.07231521 -0.3286837 -0.24079788 0.4179856 -0.2824244 0.04106811
1308 -0.5864318 -0.5405254 -0.00029410073 0.3124948 0.07340386 0.24888524 0.06376882 0.44145033
1150 -0.49409595 0.61045253 -0.117717706 0.038019713 0.4543157 0.19921969 -0.24487013 -0.24871951
1145 0.5133256 0.17541125 -0.4405117 -0.6329557 0.1688904 0.2144289 -0.18916285 0.027527474
1351 0.5009727 0.29297087 0.62187207 -0.03804993 0.3480116 -0.3262561 -0.16952801 0.1368459
851 0.038089886 -0.6835825 -0.24346854 -0.18515162 -0.16194041 0.56490695 -0.14388552 0.26769122
193 -0.013914964 -0.59338015 -0.56133837 -0.333949 0.098295264 0.22608234 -0.3551901 0.18479282
109 -0.15268254 -0.7499375 0.13862677 -0.063215435 -0.19915164 -0.3700977 0.41133255 -0.21269713
515 0.78339034 -0.21336357 0.39359987 -0.06159606 0.26132718 -0.13917905 -0.1896238 0.24174516
963 -0.024757063 -0.022164037 -0.15706393 -0.66549414 -0.12177963 0.24429105 -0.6010364 0.3091783
949 -0.5935376 -0.3472624 -0.3245429 0.18191484 0.30425444 -0.41898203 0.2754237 -0.21148516
548 -0.16493203 0.6045857 0.5517266 0.12132135 -0.08027047 -0.21582936 -0.47759262 0.08385719
814 -0.13836382 0.07726908 0.46890253 0.61644256 0.34279913 -0.05773729 0.43655905 -0.25216106
857 0.15405098 -0.31342667 0.098941855 0.5213375 0.24490619 -0.18396558 0.53796613 -0.4617573
1004 -0.2258372 -0.035674073 -0.38563293 0.15612757 0.2000224 -0.48744088 0.69532436 -0.116416425
1380 0.52856046 -0.19539182 -0.660981 -0.10337669 0.32607713 -0.0018493399 -0.08543089 -0.34818828
1198 0.36719176 0.15173967 0.3297808 0.61106926 -0.15129624 -0.3752044 0.39069697 0.20897678
1119 0.6829005 0.24193746 -0.59929943 -0.09766798 0.25274858 0.07789425 0.1143881 -0.15290627
995 -0.48429674 -0.4024398 0.56102574 0.27142876 -0.018895432 -0.24367955 0.37605366 -0.11799268
159 0.39094597 0.22545609 0.82205814 -0.038945735 0.17754552 0.20827743 0.15498617 -0.14181669
54 -0.099591464 -0.28185084 0.42457306 0.019814717 0.17799811 0.13177487 -0.76296395 -0.314364
616 0.11313528 -0.27483582 0.110982135 0.27315056 -0.32985297 0.7100872 -0.36988384 -0.27367237
1009 0.62705743 0.15932566 0.6493843 -0.28039625 -0.041410748 -0.18434423 0.18725976 0.10162887
280 0.0035785115 -0.515865 -0.5301193 -0.5274141 0.210508 0.11581852 -0.31837675 0.12484827
1139 -0.1339248 0.25511196 -0.07110805 -0.44542328 -0.4073845 -0.2341139 -0.04075461 0.70077914
847 0.56255853 0.63970584 0.030898537 -0.39179203 -0.0550976 -0.005853157 0.33740425 0.05419357
1333 0.52463055 0.12702307 -0.3750294 0.3170021 0.5468573 -0.2761584 -0.023013156 0.30272824
954 -0.06232042 0.3698805 0.54295874 -0.2061536 0.32406345 -0.31965098 0.17899457 -0.5317595
979 0.10242943 0.035719246 -0.390188 -0.8419322 0.10136544 0.21229316 0.14343089 -0.22631879
574 0.082279794 -0.034990095 0.5285609 0.4366439 -0.52388304 -0.21699545 0.3160132 0.31712204
1057 0.24924503 -0.7100966 -0.2744377 -0.56103814 0.10377542 0.10702803 -0.060683597 0.13286422
834 -0.8057731 0.15148991 0.41229188 0.27906457 0.088846505 0.14837772 -0.11744128 0.19030708
1098 0.36282775 0.4978163 0.13725981 0.29250884 0.48565236 0.35145295 -0.36397493 -0.15581423
1131 0.52725 0.10903155 -0.72803694 -0.3912175 -0.102594145 -0.05756716 -0.018975683 0.11327412
983 0.79538226 0.0095558185 -0.21521328 -0.51852137 0.005451297 -0.21379386 -0.076365024 -0.022925025
1034 -0.38593504 -0.46749768 -0.49577206 -0.54833305 0.18950391 -0.18047443 0.011826654 -0.13197894
228 -0.33173117 0.119662 0.007887441 0.40131083 -0.37010723 -0.20134777 0.514876 0.5214454
1466 0.4185343 -0.58994174 -0.116335526 -0.39286858 -0.35242206 -0.19204725 0.07618141 0.37686968
760 0.093207456 0.30912277 -0.3950108 0.21858546 0.6336757 0.096666194 -0.027607746 -0.5294251
589 0.1523395 0.059115056 0.23035328 -0.78052384 0.3969113 -0.2644469 -0.014930637 0.2886596
782 -0.51535165 -0.2677331 0.14217477 0.045376804 0.16102786 -0.5348224 0.30683625 -0.48409238
219 -0.40680373 -0.15881452 -0.06282615 0.72052246 -0.34723836 -0.05251386 0.07413332 0.39668742
423 -0.46179372 -0.43773463 -0.2968012 0.16830479 -0.26901665 0.6198272 0.09241898 0.11670666
1064 0.04568619 0.04738462 -0.13643739 -0.7478196 0.27093765 -0.19558139 -0.14973928 -0.53266954
1154 -0.12954858 -0.40077806 -0.5838475 -0.5253846 -0.045499276 0.20826781 0.1725001 -0.36122757
430 0.84095967 0.22162735 0.06276962 0.41475576 -0.055114698 -0.055365965 0.16694853 -0.18365982
576 -0.6084249 0.21063505 0.14620997 -0.029464189 -0.08126905 0.69360536 0.0003236715 -0.27479684
1007 0.09592772 0.23683454 -0.6855001 -0.48641875 -0.10437515 -0.100281976 0.42699328 0.15786006
627 0.30150005 -0.5282109 -0.26773742 -0.5471644 -0.064054884 0.027940761 -0.453495 0.22017518
752 -0.07927487 0.60536164 -0.14549485 -0.7036795 0.18663926 0.21962646 -0.092854284 -0.13866197
1210 0.67101365 0.02731341 -0.34576458 0.14500813 0.4229757 -0.11344008 0.10122305 -0.45430273
1437 0.2060362 0.045819435 0.1253853 -0.85000986 0.24284585 -0.055548474 -0.29258776 -0.26371217
1229 0.124829404 -0.23228383 -0.016132105 -0.5782617 0.6708875 -0.16927941 0.26132667 -0.22085737
519 -0.19647092 -0.4227819 -0.54239947 -0.24648704 -0.084711015 0.061849464 -0.28891858 0.57725763
1144 -0.5203663 -0.35839033 0.6845439 0.20414859 0.09800314 -0.23157516 0.12629135 0.106380604
860 -0.26878765 -0.38004076 -0.34866786 -0.583381 0.42950508 0.06654835 -0.1858404 -0.31301653
33 0.33205518 0.6522295 0.4369381 0.04037499 0.3221954 -0.22622938 0.15904088 -0.30250192
1118 -0.60887516 -0.56790364 -0.2157604 0.16824412 0.085121974 0.07046732 -0.45219362 -0.12331802
483 0.5499533 -0.38087246 -0.14169581 -0.72960246 0.006723474 -0.00085392065 -0.000549442 -0.0066119633
1176 0.029629668 -0.6410094 -0.02345113 0.7282682 -0.06467163 -0.06662956 0.020450529 0.21969174
1197 0.494279 -0.57293373 -0.5635415 0.062478013 -0.07388173 0.04997911 -0.031713467 0.31143308
899 -0.2477758 0.6964978 0.123799615 -0.51280856 -0.0338404 0.34946823 -0.21516247 -0.07503909
1181 -0.15353562 0.7342277 0.13724755 -0.5028105 0.13273096 -0.19578286 -0.20750418 0.25821456
247 -0.31131577 -0.34765732 -0.004435681 0.8794829 0.025924254 0.030889284 -0.053368706 0.065057054
55 0.14707676 -0.21869476 0.8422088 0.314658 -0.19334553 0.23104198 -0.15733625 -0.08184307
1409 0.6810982 -0.51100236 -0.13178287 0.46708024 0.08826653 -0.080205895 -0.14530435 0.06413808
1218 -0.12997486 -0.0022393307 0.37643766 -0.70602465 -0.37254786 -0.3055633 0.034047246 0.33106703
189 -0.45011654 -0.4441883 -0.2251216 -0.2906157 -0.012647982 -0.46683025 0.3465148 0.35607836
550 -0.15061955 0.3247098 0.28784683 0.7904993 0.19740997 -0.13367468 0.3270959 -0.017351162
639 0.70424217 0.14025094 -0.23183574 -0.18801036 0.009765508 0.55922544 -0.1499835 -0.2448538
328 0.46324703 0.041264057 0.60264117 -0.6483466 0.00923608 -0.0011730363 -0.00075477205 -0.009082897
414 0.040401276 -0.86554193 0.023953557 -0.17033498 -0.37470782 -0.12600559 0.0037933895 0.25163355
893 -0.2771859 -0.13570192 -0.22284356 0.8380707 -0.0643126 0.13285978 0.1363268 0.33519918
812 0.25706196 0.26833287 0.5408438 0.28458288 0.5720188 -0.038046073 0.2757908 -0.2893158
967 0.16915214 -0.25307676 -0.1320642 0.4679871 -0.3296424 0.058902472 0.65391606 0.36214203
310 -0.27814007 0.50279915 -0.5553812 -0.27039114 -0.2827473 -0.41004676 -0.12631631 0.15566409
884 0.20020139 0.34698334 0.89831966 -0.18021423 0.005787123 -0.0007349986 -0.00047292348 -0.0056911423
580 -0.105690874 -0.08530646 -0.3436356 0.15115328 0.6148169 0.041854694 -0.19642554 -0.6498344
668 -0.6728331 0.3697632 0.3488046 0.32787293 0.020101968 -0.24269982 0.056689903 0.34479624
888 0.86826444 -0.37448016 -0.16360576 0.28102043 0.008449345 -0.0010731164 -0.0006904801 -0.008309211
1223 -0.27079064 -0.6554156 -0.12346981 -0.44154906 0.1472585 -0.31622496 0.40624845 0.0130859995
809 -0.2487719 0.6759159 0.2331496 0.35949472 0.40978247 -0.05138518 0.31165585 -0.17309977
1083 -0.31708434 0.24953371 0.25797018 -0.57595044 0.19755399 -0.36183137 0.5013835 -0.13261905
51 0.0023536356 0.37325925 0.7826672 0.3369538 0.0818255 0.061179437 0.3236409 0.13922733
1036 0.08510602 0.01867558 0.96426505 -0.24969122 0.011331825 -0.0014392083 -0.0009260363 -0.011143884
971 -0.08047822 0.28953683 0.6791181 0.19866562 0.09688541 0.07657056 0.5917077 -0.2089362
272 0.27663565 0.083288975 -0.08876443 -0.1228132 0.8373214 -0.21459009 0.0067612533 -0.3825855
1041 0.38012704 -0.2560468 0.5201362 0.32724977 -0.03220241 -0.2188998 0.6012656 -0.042836715
268 0.071600765 0.043349158 -0.21962914 -0.91701645 0.057125177 -0.00975344 -0.31530604 0.03258309
791 -0.165647 0.33890712 -0.022317031 -0.7435622 -0.2993358 -0.2195184 0.30138522 0.27513072
207 -0.30076382 -0.7321617 -0.15076303 -0.14376454 -0.14872093 -0.1203779 -0.4844876 0.24237445
943 0.61738783 -0.10419834 -0.5509372 -0.22360948 0.031216424 0.46068552 -0.15513964 -0.1310261
1235 -0.2985926 -0.4560635 0.76323533 0.22779219 -0.23196137 0.006722994 0.0074540228 -0.120516844
898 0.024759721 -0.39957318 0.40169257 0.21216968 0.28112626 0.15712465 -0.59292036 -0.42199612
649 -0.42998692 -0.10491637 0.54172254 0.27244145 0.06773799 -0.13028876 -0.19605504 -0.61352676
785 0.6872809 0.30158356 -0.009789893 -0.088150084 -0.02915071 -0.45418328 0.3154699 -0.3495321
863 0.32847682 0.10736826 0.21303356 0.6993312 0.3364251 -0.04451842 -0.13957399 -0.4598726
1263 -0.37392282 0.3831322 0.7895811 0.29956645 0.010351316 -0.0013146779 -0.0008459091 -0.010179637
663 -0.19915244 -0.118185915 -0.48844534 -0.7832227 0.092859484 -0.009491582 -0.07444721 -0.28301662
26 0.13141486 0.3474195 -0.21865335 -0.86377025 -0.009843359 -0.25005627 0.04073174 -0.061947133
640 -0.04173765 0.007793153 0.8009957 0.055582855 -0.35024595 -0.16015469 0.45053515 -0.04701216
602 0.1467569 -0.4659246 -0.18610384 1.22753645e-05 -0.03006826 0.33608192 -0.7653427 0.1647346
784 -0.28459752 -0.45959258 0.31666353 0.5074349 0.08315926 -0.2825073 0.42265886 -0.29094085
675 -0.14668629 -0.02295546 0.4433552 -0.48385888 -0.3714368 0.32122612 -0.020090591 0.55291766
204 0.59496033 0.11216211 -0.50909853 -0.5445674 -0.17923057 -0.10024825 0.08229581 0.16959034
1047 -0.28771824 -0.5075864 -0.38709387 0.3119967 0.05559831 -0.14897585 0.6040979 0.14890085
1159 -0.14362316 -0.33172974 0.6124923 -0.22291732 -0.26961112 -0.15810803 -0.34159154 0.47970375
1063 -0.07528623 -0.367715 -0.6444666 -0.4429599 -0.39295542 -0.061582416 -0.2835323 0.09471031
224 -0.24732004 -0.47205263 0.47758478 -0.3255895 -0.5411169 -0.18704891 0.18259938 0.1441044
631 0.14230216 -0.53718203 -0.21722232 -0.40958548 -0.12192578 -0.11692744 -0.5227023 0.4177131
18 0.22178058 0.34675875 -0.28802568 -0.6851263 -0.0553806 0.5198586 -0.0390987 -0.05801893
638 -0.19407253 -0.26477417 0.041786693 0.80119157 -0.41075784 0.010699316 0.27945906 -0.04052758
1301 -0.30955335 0.5752951 0.11502681 -0.18314935 0.56453353 -0.032248482 -0.005379339 -0.45461026
1275 -0.343873 0.14261986 0.16113006 -0.3074581 -0.6164271 -0.13202077 0.3110754 0.49672705
822 -0.2896077 -0.11742867 0.1482386 0.72683954 -0.15274459 -0.15165614 0.1591587 0.5295335
249 0.39194772 0.68372107 0.17069729 -0.34134024 0.24495837 -0.029390587 -0.28511584 -0.30181518
731 -0.089824244 -0.13649987 -0.49758556 -0.118951336 0.46892625 -0.061219614 0.21025193 -0.6661178
144 -0.06701631 -0.36576012 0.15588225 -0.21421939 -0.3155322 -0.5266226 0.12406363 0.63186663
559 0.5316619 -0.26154637 -0.5510258 -0.28722918 0.29736188 0.044268575 -0.24616897 -0.33438924
1357 0.60523975 0.059172343 0.14820817 -0.6681944 0.30040374 -0.035631627 -0.20154995 -0.17204536
345 -0.6867902 0.03935419 -0.027984003 -0.6906687 -0.045066062 0.101317026 -0.16056366 0.10434255
531 -0.5373394 0.582501 0.5198668 -0.12576108 0.029889245 -0.23067921 0.1724847 0.044992868
1335 0.38527626 0.0964362 0.19452497 0.5429945 -0.11650343 -0.5158681 0.47518814 0.063895024
700 -0.3314173 0.16134338 -0.4379259 0.15585157 -0.29309583 0.6873565 0.28553414 -0.09037828
1194 -0.58858114 0.48039252 -0.09239846 -0.41734123 0.22673886 0.35119197 -0.17467959 -0.18661413
160 -0.24381109 0.2766918 0.28365204 0.3627625 0.11118101 0.6924789 -0.010106896 -0.3999403
1094 0.6759774 -0.15651034 -0.38414776 -0.43824252 0.14652206 0.15628801 0.10797483 -0.3483961
1037 0.55933195 -0.4381736 -0.37179473 0.17380527 0.28955308 -0.017762786 -0.29253182 -0.39620808
1215 0.81202495 0.41333178 -0.17737749 -0.29822692 0.09119527 0.08706322 -0.074695915 -0.16701558
1326 -0.20193478 0.17525475 -0.16312604 0.39144278 0.03244252 -0.17798826 0.81302595 0.23436469
