1029
518
1393
1231
1441
776
758
1327
1324
566
837
621
738
503
500
1011
871
848
354
592
126
238
1428
159
868
1288
211
1161
303
483
1111
1163
96
276
991
144
956
5
225
357
583
1265
389
313
1080
1103
1268
1427
492
810
951
857
578
1069
204
1442
1024
881
772
752
1138
134
887
382
82
1258
1118
138
1110
174
1051
944
623
1244
240
908
559
682
239
1303
208
786
1019
701
207
1120
811
808
454
459
84
245
782
1289
687
844
486
1182
612
727
764
1072
256
420
1173
555
101
1214
434
1177
122
1257
657
900
74
1135
797
1261
1203
658
38
757
1282
52
479
863
839
696
803
869
430
251
1062
809
378
145
1220
116
565
489
488
397
411
215
1536
560
521
601
854
1270
730
78
1269
865
796
999
964
1133
1126
901
1053
766
883
342
1285
828
359
1311
288
833
780
732
1354
1415
1100
1049
1095
409
611
401
1101
788
167
553
1334
1267
663
426
954
121
740
774
690
201
955
1021
22
71
843
860
527
861
1017
473
1224
1239
535
1197
1010
1124
931
1140
66
987
161
799
849
310
322
540
1189
1276
842
1042
1136
1256
18
1068
25
719
286
970
450
1078
1088
571
1264
832
523
1198
735
465
236
1027
151
941
85
1058
467
124
206
1249
48
686
1086
1424
294
99
115
910
177
1432
1212
1082
157
634
1241
1149
1131
317
1153
893
1028
318
1180
798
980
1152
1291
21
1281
406
580
1009
947
339
633
691
961
375
836
1333
570
419
1025
873
924
892
551
1117
76
1108
371
462
703
1158
650
327
1379
636
698
1259
1246
858
299
70
1325
323
1425
1308
218
1283
263
681
1243
867
1102
109
989
963
548
1119
405
125
468
1380
1199
846
68
831
280
1252
847
1200
872
979
16
574
1162
59
784
705
1046
1172
228
189
589
1123
227
683
1530
28
423
1064
1114
852
1348
1087
807
1003
1007
1266
684
949
1210
1437
1229
1125
1186
57
497
1370
1474
643
1353
748
814
554
899
1466
247
447
55
477
248
168
63
639
649
1071
442
53
163
1195
889
1050
370
587
496
668
449
515
888
1254
693
1083
1146
932
1004
272
92
304
1232
631
142
1121
1226
1235
898
785
986
827
1263
1006
26
640
1164
689
602
582
120
1234
921
1230
249
1159
1063
576
224
550
1178
638
1301
824
603
1073
1275
41
822
100
1026
1043
75
1357
345
531
80
1034
388
616
1107
160
1094
791
308
519
1134
938
1112
1481
453
1030
564
381
362
400
556
1278
219
1355
297
923
480
1236
737
1155
1047
343
1041
348
967
491
1409
508
1169
1176
51
834
209
416
271
667
1132
1408
290
712
1533
862
1218
44
575
1215
943
129
817
925
745
471
1191
714
484
485
1098
1084
306
1375
1002
538
627
355
1092
562
54
1105
929
36
431
517
877
1060
260
743
653
952
30
985
278
675
1312
127
914
268
200
414
729
906
948
838
825
1223
253
641
1362
1194
300
1351
1008
826
965
1144
1336
1076
804
672
365
415
1057
608
62
451
632
1338
1245
107
1175
1150
427
1381
855
1273
380
783
193
139
591
217
87
344
1305
328
695
1211
1221
1216
558
874
233
1345
429
755
878
102
507
1240
1139
851
403
283
763
700
1037
978
1326
1181
190
105
801
152
928
904
995
1031
927
203
136
821
946
1429
79
841
971
793
760
853
524
607
289
407
569
790
1020
577
510
1154
724
1143
1044
58
1157
502
148
886
1335
775
1093
749
903
1109
1185
934
314
983
922
990
1075
1190
812
920
1145
1148
33
1204
456
45
1455
1061
210
773
1238
884
731
717
594
585
671
98
262
422
1272
321
1036
1067
1079
1237
1260
539
567
173
909
1277
726
1222
295
1116
916
744
1184
1005
629
966
1122
1419
1016
613
