301 16
11 1.6497244 -0.4339043 -0.867836 -0.23793007 -0.22630738 -0.17665748 -1.0799168 1.4823887 0.6670493 0.0050698486 0.059352346 -0.7403978 0.50726485 -0.83139336 0.36531815 0.23798653
13 -1.352939 1.0694797 0.09291667 -0.36921203 -0.74208117 -0.95303005 0.32872936 0.99100167 -0.62295514 1.055164 -0.9180791 0.6093242 1.1176547 0.84378475 0.14705087 -0.11308983
16 0.19117567 -1.3443067 1.4123249 1.4892212 -0.5035216 0.22979574 0.4583482 0.4668752 -0.21489081 0.5563614 1.7554873 -0.50114745 0.8758171 -1.3644284 -1.3743863 0.7751205
21 2.3612154 -1.0216748 0.18071096 -1.623054 1.2217149 -1.0993063 0.8887964 0.0429217 -0.63206685 0.47431082 -1.2097756 0.700081 0.8884733 0.101582736 -2.2397149 0.29855725
24 -0.5643677 -0.2028324 1.003896 1.3452203 0.4504236 -1.531872 -0.6660916 2.3242202 -0.85215855 -0.48400992 -0.62697804 -0.77868545 -0.1435835 -1.4237125 -1.2725565 0.40951303
44 1.8822335 -0.9980067 -1.1098549 -0.85722435 1.3670934 0.08304262 0.012810519 -0.8614743 0.9864887 -1.2046154 -0.44355127 0.09776181 0.15152036 -0.7325586 0.1612344 0.5720165
47 0.11903755 -0.44333938 -0.54036975 1.2470696 0.6790087 -1.0988259 1.3561985 1.2451534 -0.29457164 0.21760799 -0.07869404 0.2728044 0.8664238 -1.9925437 -1.8311943 -0.09761092
57 0.8466766 0.087812215 2.1575222 1.4511409 0.15084374 -0.008163489 0.08359027 -0.8958592 1.8150786 0.25463438 1.2865423 0.27443883 0.5516677 -0.21084453 -0.4159316 -0.8041778
63 -1.064886 -1.2316309 1.5049384 0.64010876 0.9977601 -0.17247966 -1.7537429 1.126237 -1.9927887 -1.362475 -1.7021084 0.73332137 -0.42673087 0.5287678 0.6593521 -1.0520722
66 1.0200914 -0.85988283 -0.6077868 0.5125923 1.7468884 0.14471905 -0.3066789 -0.11284107 1.4856138 0.45586437 -0.194029 1.7997829 0.55913913 2.0358312 0.08245923 0.03969572
71 1.0414643 1.5223043 -0.24523829 -1.9897498 -0.08609207 -0.41438296 0.12886637 -0.580616 0.9288334 -1.1554263 -0.6057215 -1.778255 -2.0368977 1.4659128 2.0163798 0.021427406
73 -0.06815827 -1.9165865 -0.37126493 1.0249563 0.5885391 0.34364834 -0.95814425 0.39220366 1.0679885 0.9572846 -0.206555 -1.4720706 0.29747763 1.454477 -0.69993484 -0.7932193
74 0.8591183 -0.29826605 0.13660231 -1.8578099 1.2499609 -0.9527209 1.9764324 0.9169795 1.0412558 2.0471778 0.9008497 1.2482182 -2.385348 -0.4173122 -0.11045875 0.1653019
76 -1.5638254 -2.8132644 -0.783003 -0.22574878 1.0288932 -1.5358899 -0.697045 -0.96939886 0.49422222 -0.33225068 0.41245276 0.94190836 -1.1742513 -0.771446 -0.3434042 -0.8376894
84 1.3591709 -0.464267 -0.08766053 -0.65125304 -1.2368832 -0.011776125 -0.48647374 0.52842414 -1.5072396 2.113809 -0.7973809 0.15936093 2.0500727 -0.09869572 0.009839788 -1.2234857
92 -0.33960152 -1.408803 0.54218936 -0.17343752 0.6071842 -1.309389 1.28222 2.1963112 0.82278234 -0.3643567 -1.1931738 0.37830552 -1.4032192 0.40399623 0.7005345 1.4991022
96 1.6797581 -0.20085356 -0.26701915 0.30829594 1.1038034 0.12920162 0.47499153 0.4247122 -2.6014159 0.44728664 -0.7746862 -1.5019068 -0.35073587 1.4296851 0.3998515 0.46771774
108 1.9764085 0.010851105 -0.37053645 -0.43615887 0.015842443 1.5820448 1.026668 -2.1727989 -0.72057587 1.525243 -0.9508686 -1.6700546 -0.2322409 1.815723 -0.7940239 0.7709005
116 0.54513645 -0.11127102 -0.36352143 -0.8862973 -0.1726382 0.57991123 0.43822017 -2.5521736 0.0069086417 -1.8341337 -0.4025834 1.6776105 0.9013542 0.93291414 0.8011203 -0.1318412
129 0.0822793 -1.3800961 -0.037109416 -1.2080183 1.6208154 0.7899207 0.2820891 -0.91269314 0.3959534 0.23537444 0.78068155 -0.29624587 0.43296254 -0.695214 -0.7248969 -1.1610061
132 0.87430507 -0.3849144 -0.046309266 -0.88626486 -1.0809106 0.030159807 0.8216185 -0.8343021 -1.6531831 -2.0392146 -0.34777495 -0.029499656 0.25105828 0.24789728 0.4019197 1.2014842
163 -0.41595277 -1.4871324 0.5143193 -0.9744137 0.12866092 0.59404755 -1.2440776 0.5258849 0.33371508 -1.838752 -0.40173706 0.7276045 -1.2232572 -1.3180052 0.24850409 0.20125102
172 0.25097415 -0.76535434 0.63869596 0.78702873 1.3542123 -0.4019406 -0.03022472 0.70391226 1.885605 0.85053164 0.59445804 1.0936873 -0.19755551 1.4618365 0.2862381 1.1089025
186 -0.23920405 0.55094343 0.19054931 1.9106019 1.8864741 0.69550073 0.73816144 1.4123453 -1.2332175 0.20651495 0.9755973 0.14427336 0.28441975 -1.9174231 0.39207253 0.39412537
188 0.3067818 0.8985743 0.043940496 2.277683 0.54681355 -0.5898959 0.8319385 0.60020673 -0.14413437 -0.24638696 0.47745198 0.60619724 -0.43376058 -0.72648174 -0.22970048 0.16889489
215 0.9044006 0.84389347 0.88762075 0.8615972 3.2849433 0.26088858 0.48168138 -0.8140523 0.95897424 -0.912495 0.6457716 0.27462038 0.5884942 -0.9422508 -0.6368295 -0.04722433
218 -0.09829951 0.24720043 -0.20316644 0.7186253 -0.21819262 1.1607425 -1.5757577 -0.1181482 1.7749307 1.0279949 -0.018176993 -0.4477748 1.5793452 -0.22387537 0.2791982 -0.8135616
225 2.2422168 -2.3244648 -0.14707848 0.49505618 -0.23529597 0.07817578 0.39940906 -2.2236285 0.65296465 -0.7168589 -0.6983475 0.26594976 -2.3509357 -0.81815654 -0.5940121 -1.6249336
228 0.73337764 -2.1216362 1.2366922 -2.4239106 0.61907405 -1.3867593 1.5534203 0.20963615 0.0984337 -1.085151 -0.004949715 -1.6369615 2.1538048 -0.075559236 1.8822644 0.80779916
236 -1.2130766 0.37592518 0.12049644 1.3259782 -0.43122533 -1.1779934 0.88530385 -0.34536108 0.8579298 -0.4529357 -0.47394967 0.85939324 2.2476676 0.8196978 2.3981695 0.2569383
246 0.02332851 0.5891138 -1.1434739 0.37413844 -2.874316 0.862033 1.0269859 -1.1870521 -1.1700604 -0.9617349 1.0459956 -0.58130527 0.81947005 -0.26255608 1.7766916 0.4821339
250 -2.085368 0.89686805 -0.31407216 -1.4131619 -0.502052 0.9792931 -1.4149477 -0.7290131 -1.2658483 2.2184348 -0.13601375 0.95528483 0.29449612 -1.9325329 -0.3669047 0.22525664
256 0.28001642 0.13915469 -0.6506512 0.7590904 -0.67134094 1.3661191 -1.6723534 1.709057 -1.1610613 0.15681705 2.1330519 -0.6730606 -0.863122 -0.7285232 -0.2606822 -1.2470024
259 -0.9130026 -0.36694765 0.612242 -0.02710176 0.9443875 -1.0036787 -1.1053189 -1.8126708 -0.9957768 1.1809367 0.23420493 -0.86338603 1.2883251 0.3349812 -0.06636367 1.2286924
274 0.98371583 -0.06578579 -0.31869102 -0.769535 -0.88215274 -0.059590362 0.4629647 0.159318 0.9925997 -0.05139964 0.6289902 0.082889326 -0.7293261 0.2654427 -0.6250809 0.76839995
280 -0.75691754 -0.36549732 0.6683877 -0.40139443 -1.8124135 0.71485084 -0.7707966 -2.255369 -0.61749476 0.11665379 -0.26069653 -1.8379638 -0.16652349 -0.40220386 0.108866386 -1.8599051
294 -0.14279541 0.026424214 0.331918 -0.839263 0.4492774 -0.17122339 -0.7346602 1.4887131 1.4828115 -0.7351793 -0.22082748 0.1188582 0.7141494 -0.6249124 0.6854886 -0.7149228
303 -2.0269387 0.22435638 -0.32252687 1.0192932 -0.09327764 0.3967266 -1.2513518 1.1764477 -1.0735267 0.2434524 -0.012839497 -1.508513 0.27181798 -1.5902741 -0.7212569 -0.6136141
306 0.45438308 1.0173798 -1.3505847 0.30835444 -2.2741146 0.20110546 -0.6244996 -0.90340424 -2.6856341 -0.8009923 -1.3894244 -1.4753689 0.62441355 0.45718542 0.9513377 -0.31329983
312 0.5672585 -0.024597073 1.0119654 0.4251222 -2.5606065 0.32351598 -0.4510627 0.05414725 -0.8439371 0.008829842 -1.4252588 -0.3057326 0.88530314 -0.63982576 1.6533444 -0.9161014
318 0.8942991 -1.0431448 -1.6977494 -0.897349 -2.3411689 -1.1661522 -0.32702187 -0.5871233 0.4515554 -1.8632569 -0.9146272 0.09172733 -0.4183327 -0.5751782 -1.7801037 0.14879432
345 0.12772669 -0.6851148 -0.32685554 1.2263852 0.027634175 0.42284542 -0.044118524 0.31781796 -3.2016013 1.1250672 0.45768297 -0.51111454 0.01256497 0.24686112 2.2060087 0.054200847
371 0.064132035 -0.5974861 1.0213345 1.2365543 0.17893016 -0.18801801 0.9750659 -0.8667231 2.2438016 1.5324384 -0.8231857 -0.13552438 -0.29878217 -1.1402637 1.0957905 -2.2657454
392 -0.39168388 0.2436625 0.39015552 -0.8953861 0.38319388 -0.13704619 -0.81526005 1.0625474 0.5137742 0.44133955 -0.7266927 0.1455856 0.5001281 -0.9828641 -1.0468159 1.6332297
414 0.5124225 0.9491783 -1.959902 0.5209394 0.7551806 -2.1942933 0.5776148 0.7108842 -0.22498995 0.14749509 -1.2245185 0.66161734 -0.075417176 0.77834904 -0.06690077 -0.70431894
423 -0.19573939 0.36479825 0.31979784 -0.6091204 0.10481317 1.4115502 -1.0837791 0.6633345 -0.76006705 0.86027503 1.1557504 -0.080361485 0.74421656 0.242872 -0.97330993 0.37400833
429 -0.5129637 0.16542444 -1.1227477 0.059404086 -0.5177065 0.83664757 -0.12696412 0.2053981 -0.3843732 0.00068603514 0.73881906 0.33290035 -1.0014155 -1.3154649 -0.7102582 1.5317329
434 -1.1448046 1.1387208 -0.97335535 -1.407524 -0.07610863 -1.0494882 -0.6586258 2.432096 -0.5248142 -0.31984204 -0.47450405 -1.2400838 -0.55133736 0.2342365 0.8503991 -0.70397514
441 -0.22380564 0.5641169 -0.56336313 -0.13908002 -0.17881563 2.4058628 0.5006378 1.4611074 -0.89729303 0.31549543 0.23501539 -0.51461875 1.9200133 -0.6812998 0.15516262 0.6529696
442 0.49247992 1.2544894 -0.5950714 1.7092315 -0.5161782 -0.45621225 1.3272185 0.103518635 -0.81158006 0.22763278 0.01817623 0.059331384 0.255663 -1.3177509 0.17203002 -0.87625974
449 0.48611912 0.017769942 0.05734069 -0.3717555 -1.1974977 0.28203523 -0.51646453 -1.1999902 0.68483573 1.2700424 -0.575676 -0.6684943 -0.040479485 -1.0160475 -0.71556383 -0.5715332
451 1.1642885 -0.26388478 1.869318 -0.60339415 -1.4831431 0.07555298 1.9985057 -0.4996022 -1.4728485 0.38660592 -0.72087896 -1.0479088 -0.41837832 0.78618234 -0.28602865 0.119212225
465 -0.8898352 -1.3913734 0.5575416 -0.5486715 -1.87724 0.1157723 -0.9324045 -1.5827856 -0.8755651 0.79499257 0.44742852 -1.9243435 -0.4567154 -0.83238274 0.9043893 -0.57134956
472 1.6148746 -0.35506207 0.20411578 0.34209624 1.8885314 0.820004 -0.3981138 -1.0457171 -0.35616526 -0.49714193 2.4270627 -1.5154719 -0.8713408 1.3241738 0.3963892 -1.4839735
477 2.5863626 -1.2403843 0.43289557 0.9990043 -0.4225423 -1.5283239 -1.0480716 0.40677333 -0.8276546 2.2654467 -0.16899283 -0.48297185 2.0447958 0.19603632 0.6633259 -0.22880383
478 1.0365894 0.2578475 -0.5565244 0.53812313 -0.5259425 0.63409853 -0.6659046 0.86705065 0.6790147 -0.34887028 -0.7853828 -0.80152106 -0.3508685 0.24016753 2.0080051 1.165309
479 -0.4766652 -1.7243904 -0.6605988 2.2942522 0.8311568 -0.64905876 -0.3788629 -0.017517658 0.9332331 0.14943069 1.0585953 0.16417731 2.1091368 0.8356539 1.0126067 -0.8484436
482 0.6519598 0.51392674 -1.5998552 1.0565301 0.24600221 0.388746 1.5007732 0.9807768 1.2387235 0.117622614 0.119324885 -0.30949348 1.2642297 1.6339196 2.027526 -0.07605592
490 -0.3511275 -0.15274908 -0.90523666 -1.9171902 1.9171185 -0.22401984 -1.6618749 -0.046709396 0.9804366 -0.5670039 -0.19135404 -0.22978723 -1.6466602 0.021258617 0.04151846 0.237498
493 0.5810369 0.27823684 1.1056198 -0.8509795 -0.32894582 0.50089073 1.3516386 -1.177386 -0.33225667 0.39621806 -0.6323825 -1.9403687 -0.8653871 -0.3109952 0.2985569 -1.4378455
502 -0.04349066 -0.4286264 0.86913097 0.69200146 1.5602522 -2.9259138 0.9165484 0.16520137 -0.15981363 -1.1990955 -0.07543423 -0.90443236 -0.00732403 -0.90095913 1.1819563 -0.2065
506 -0.12161017 2.0481176 -0.31759366 0.29809716 -0.99124825 -1.5234559 0.26564917 0.51140237 0.8685519 0.90941226 0.57949656 1.8617289 1.494149 -2.9436884 1.5458345 1.2306165
510 -0.9699346 -0.07491214 1.3939015 0.7493757 0.28308684 0.97096545 -0.08697993 0.022752924 0.8826126 1.3245174 -1.0802828 0.6834368 -1.0439298 -1.0074475 0.1048799 0.47027162
511 0.13825314 0.09767607 0.3804602 0.027817482 -0.37949687 -1.465315 0.46881074 -2.5715666 0.7934224 -1.4713372 0.20850678 -1.1275593 -1.3511301 1.1780504 0.050904475 -0.3050143
523 0.54819375 -1.4256659 -0.3668243 1.2506666 1.3876817 0.7828943 0.4762795 1.0675058 1.2746882 -0.08193352 0.24302673 -0.37221196 -0.45371565 1.6869318 -0.41505608 0.5161642
538 -0.46040374 1.5093149 0.006435341 0.7451462 -0.32167235 -0.5081581 1.6773891 -1.721093 -0.61915827 -0.6486847 0.6785107 -0.5766133 0.8765784 -0.2662176 1.5255356 2.376623
552 1.0781966 1.3408365 -2.1788871 -0.78981227 -0.8559709 -0.60742563 1.5882685 0.0035558625 0.91844434 0.9421453 1.4445407 -0.16833195 -1.3946825 -0.50890124 -0.83239806 -0.58006895
562 0.40677324 -1.439765 -0.21247107 0.3108602 0.067174636 0.63834727 -0.17733334 1.4236231 0.8126202 1.3436452 -0.6875314 -0.25070176 0.3423315 -1.3647993 -2.1097288 -1.2934932
565 0.16110885 -0.3052104 -0.9614059 1.1450399 0.4232123 0.20329605 -0.24465519 -0.29283392 0.15324837 0.21248023 0.25722364 -1.2421457 1.3531559 -0.9434819 -0.58024895 0.06275257
582 -0.74366224 -0.6299019 0.87344354 0.9357476 -0.22976603 -1.9781952 -0.17490369 0.6951919 0.82952476 0.45634615 -0.61181456 0.16873872 -1.7552983 0.020920776 1.1663055 -0.8469037
584 0.913137 -1.4067758 -0.86864203 -0.57041776 -1.3241892 0.11360078 0.7414303 0.65740293 1.0658284 -0.5217707 1.0792866 -0.82450163 0.9612941 -0.15093665 -0.6827197 0.98872596
588 -0.43426615 -0.91406053 -0.14111501 1.0387746 0.08053448 -0.9678328 1.2346756 -1.8650892 1.4764658 0.15644953 -1.3852321 -0.15965861 0.092221595 0.08621425 -1.4952352 1.891899
601 -0.35732317 0.712876 -1.5394204 0.6350569 0.51667136 -1.2390654 -0.4094773 2.89773 0.5207705 -1.5651693 -0.5971017 0.155301 0.43016803 -1.3959342 -0.8073535 -0.38447925
632 -1.1987324 0.8552128 -0.1590998 -0.52853376 1.277501 0.3674849 0.37264976 -0.8677052 -0.8666988 0.41900867 1.5540489 0.11746727 -0.12478084 -0.021989584 3.1960585 0.48848075
633 1.1854061 -1.1891391 0.7079521 -0.34180412 0.102867685 -0.6956092 -0.7073773 -1.1747196 0.6823637 -1.0534524 -0.05063916 -0.38967246 -0.65724075 1.8192123 0.3975833 0.35544053
634 -0.50082713 -0.93263674 -0.1816676 0.35302818 -0.21532874 -0.35676333 2.2798226 -0.21971801 1.2731742 1.4138497 1.3136871 -0.28636742 0.32202908 -0.63602686 -0.36276695 -1.3842381
636 0.0685677 0.27309012 1.3593842 2.2500405 1.5864463 0.2878552 -0.1842007 1.8676082 -0.13002035 0.6286993 2.1597874 2.1105092 0.6610604 -0.15393323 -0.66204554 0.5314793
639 1.9902173 -0.49540374 -0.6859681 2.202381 0.18031289 0.29106736 -0.8567673 0.9028042 -0.33181667 -0.050678547 -0.07471906 0.3624967 0.07860649 0.27353483 0.21814048 -2.3836448
641 -1.1524683 0.11224081 -2.1923444 0.7024364 0.31305292 -0.5578347 0.57690454 1.4755738 0.16795745 0.5443535 1.2909309 0.7486988 0.37014762 -0.38729653 -0.15811253 -0.28456607
649 1.0047442 -0.7538207 1.6733704 -1.8508831 -1.4542218 -0.14163187 0.46905696 -0.33844647 -1.3593386 0.28718048 0.23467438 2.1564755 -0.8296608 1.5112 0.9572709 1.7147833
650 -0.6736167 -2.1393697 -0.111112304 -1.3712537 -0.12234454 -0.6953575 0.75930125 -1.7337534 0.6573568 -1.7143468 -0.46268794 0.17145255 0.3559133 0.29364863 0.62844574 0.8388802
658 -0.8208136 0.12051801 1.717937 -1.9123385 -0.119329184 -3.0050516 0.2638973 -0.039825488 0.32812127 -1.3870316 0.51318765 -0.28617647 1.624707 1.6206814 -1.0634011 0.0052269236
661 1.8027761 2.6528661 -1.2681876 -0.48369452 0.6243934 -2.1162262 -1.1160293 0.0763262 1.1149305 -1.4858991 1.4423909 -0.20411472 -0.27797532 -0.43703046 0.07973149 0.87943494
682 -0.3348237 -1.6823297 0.43150678 0.28077656 0.48630476 -0.3107303 -0.9570969 0.948355 0.37998977 1.1027577 0.13449101 0.36049482 -1.0757371 2.2494078 0.05123648 -2.0760481
683 -0.93534344 -0.06984824 0.355068 -0.44905 1.649378 -1.5362659 -0.22445975 0.37801856 -0.9108379 0.29407442 0.17891413 -0.55364555 -1.150313 0.6752769 0.89306146 0.20266668
684 0.6250175 0.8603764 0.21851297 -0.67382646 -0.18538633 0.5038727 0.006542403 -0.8206887 0.7732919 -0.6108937 0.12993598 -0.3602595 -1.4403856 -0.32150435 0.3362523 2.4046798
686 -0.32882312 -0.21391228 -0.20549329 0.054566972 2.3348489 -0.06721919 0.19749449 -0.34766167 -0.722072 -0.28505257 0.022130514 -0.8076024 2.339747 -0.35273042 0.33286098 -1.2660345
688 0.7366636 0.57546633 0.060816415 -1.169901 1.0601368 -0.67373085 -0.66645277 -1.1091682 0.52144104 -0.9000004 -0.5005498 1.1299871 -0.20958124 0.32888636 0.42744136 2.619982
689 -0.48874548 1.4815322 -1.2643542 0.9157138 0.1791449 0.55175257 -0.8942719 0.45510575 0.15214601 -0.5351501 0.32168254 -0.15722007 -0.6753668 -1.280189 -0.9732352 1.0488864
690 0.63042605 -0.31952086 -1.1698571 -1.1966071 -1.8406074 1.673747 -0.4101844 1.3785385 -0.38874227 2.4341817 0.015501892 -0.41088834 0.5687815 -0.23744492 1.363728 -1.0962815
699 -1.8597109 -0.3494331 -0.8596798 0.4152841 0.62249345 0.5201207 2.081713 -0.27714917 1.1605924 -0.57584625 1.0713814 0.7377762 -0.72190815 -0.015616818 1.9228898 0.9462179
712 -0.9800933 -0.0121441 -0.005317412 0.3086197 -1.3319082 0.6885777 0.09565721 -0.3750695 -1.7073886 -1.4151282 -2.0579782 1.3067576 0.80164504 -2.016043 -0.32829866 -0.3376342
738 0.25711098 -0.3084059 0.9892719 -0.4887099 -0.60770565 1.5223242 -1.6988004 0.21854432 -0.6414074 0.15416628 1.5243893 0.688717 -0.24662302 1.3990526 -1.2383653 -0.4232684
750 2.3593595 -2.0693192 -0.103237934 -0.5472136 -0.23823097 0.61824036 0.3439003 -1.5652996 -0.33926833 -2.0726113 -0.038959395 0.584315 -1.5499039 0.8693159 -1.3150257 0.9348533
760 1.1734794 0.5351015 -0.69421256 -0.83461976 0.7654208 -0.44000795 0.19865891 -0.035348166 1.3210152 2.0965812 -0.3836834 -0.26870131 1.2546599 -0.24779858 0.15211417 0.5681307
783 -1.4850061 2.702858 1.991934 -1.0377914 -0.07070867 -0.84295774 0.6524043 -0.27451837 1.1549863 0.86612374 -2.0813925 -1.7598118 0.3792086 -0.27647537 0.23693846 -0.51443136
785 0.06392635 1.1521454 -0.26869878 0.14148082 0.3192171 -0.80817145 0.7804733 1.6149236 -1.1878307 -0.36649436 0.91617066 -0.49368262 -0.0150124375 -0.34928104 -1.3236549 0.5024743
804 0.08409087 0.6495073 -0.2783341 -0.29940236 -0.5464298 0.03141721 0.08749699 -0.11499948 -0.5525885 0.6431473 0.6812547 0.9446285 -0.082917556 -1.6307259 -0.41169307 2.6085224
807 0.16241494 -1.2920381 -0.69857025 0.7189129 1.7664181 0.6824391 0.66657436 0.7040829 0.13120233 -0.6350938 1.203343 1.0797487 0.35833243 -0.025208963 -0.21813391 -0.076298505
831 1.5760411 -1.7072262 0.29081497 -1.833008 -1.3743056 -0.2904479 0.6449165 1.6700947 -0.24039273 -0.7013101 0.43744653 1.5727836 -0.71596366 -1.2474273 -1.370304 1.0442117
851 -0.12547264 -0.6800241 -0.63845307 0.6509187 0.21564408 0.47169766 1.754666 1.5199645 -1.2985878 -1.9587872 -1.2190318 -1.3222921 0.030614452 -0.94919264 0.5256673 0.6642669
862 0.38271096 0.82272243 -0.29208204 0.30624422 -0.6523142 2.2961383 1.0782932 -0.69486994 -0.081564516 -0.22556369 0.5712945 0.015838802 0.39396483 0.5783651 -0.21749884 -2.3967445
869 -2.2183723 0.70225084 1.01041 0.5859591 0.6995399 -0.064693555 0.47092083 -1.5849694 1.3425133 -0.50211525 -1.6605349 0.99008787 -1.3250201 0.19916661 1.7144703 -2.3675659
871 1.3344607 -0.26638532 0.1018505 1.1573614 0.117305785 0.6570971 -0.06928924 -0.26143864 0.045959294 -1.0082608 -1.3916508 0.68648267 0.14129354 0.84148324 0.6490481 -1.3654186
879 -0.7309373 0.9639403 -0.23859692 0.19141917 0.45344794 -0.8313082 -0.54142493 0.58769935 0.43288147 0.05628925 -2.1949914 0.45463857 -0.49947742 1.4201372 -1.6404626 1.6989912
897 -0.20835589 -1.0608952 -1.0100883 1.0352075 -1.9057196 1.2482854 -0.23173632 -0.35082942 1.1531324 -1.2765164 0.87221813 1.1550739 -2.0265665 -0.82535404 1.3457607 -0.785215
900 -0.33051142 0.964329 0.8884991 0.9059904 -1.0460718 -0.034787055 0.47025883 0.7979932 0.20750211 -0.18230945 -0.72900623 0.30759305 0.91302145 -1.9527051 0.115932405 1.0719802
902 -1.2112179 -0.10746015 -0.4464461 -1.010069 -0.512 -0.08380247 -0.55105853 0.32377085 -1.3744113 -0.4897247 -0.12538967 -0.8029132 0.038859554 -0.8962101 -1.2448237 -0.7766414
917 0.05484337 -1.5136914 0.48848635 -0.9368029 0.46376896 1.1318471 1.6275923 0.17586398 -0.77009773 1.0624266 0.6038471 0.012006718 -0.30124712 -0.24050519 1.0757964 -0.9308646
927 0.80665666 1.264984 -0.73670626 -0.5471728 1.0553818 0.51768595 0.61010927 0.72739154 0.029876443 -1.6171348 0.12865016 0.29757333 -0.4179742 1.2818716 -1.5174912 0.43893075
929 -0.4994599 -0.07371426 -2.4447246 -0.6067123 1.128066 -0.6048433 -0.25909406 0.27775067 0.48097625 0.9582148 0.12476593 -0.47395596 -0.33478257 -1.0138345 -0.0075072297 0.53666174
937 -0.13908906 0.27562726 1.7010598 -1.4531019 0.97221434 0.40147552 -0.29033086 0.82277477 0.030301176 0.20979343 -2.082069 -1.1219118 -0.051645897 0.29742318 1.9525703 -0.5550456
938 0.5185392 1.4237581 -1.92908 0.26737782 0.17089537 0.8051983 0.08005269 1.1347873 -0.7171115 1.4331156 -0.030559601 -0.27488694 0.64618546 0.7825062 0.13512936 1.1751128
944 0.27364507 1.8957148 -0.53082144 -1.8599937 -0.4403812 0.496501 -0.4158147 1.3903754 -1.141357 -0.7511536 -0.5009809 -2.0808146 0.18223074 0.44077945 1.2827289 0.53759533
947 0.24863268 0.49116945 0.83659 0.7766587 -1.5460968 0.70448554 -0.6604313 -0.40814528 -0.71367073 1.7222685 0.004091128 -0.8314968 -0.49134216 -0.28044525 -0.5449022 1.4198197
954 1.8776877 -0.15354452 1.3097011 -1.6891425 -1.4384172 2.348872 -0.20483993 1.0484352 -1.1937324 -1.3679265 0.74816245 0.48623392 0.548176 0.3604687 1.754718 1.228931
965 1.4351399 -2.586356 -0.21337788 0.5347169 0.37124437 -0.67731756 1.8858782 -1.5302279 -2.5465357 0.6874125 0.50897247 2.5163155 -1.9635954 1.9747686 0.21577166 0.60444695
983 0.4630671 0.3014873 -0.48488873 0.7975579 -0.38157278 0.40348884 0.4390826 0.6143409 0.5312188 2.3833888 0.60635376 0.03534511 1.8538457 -0.06849677 -1.3959233 -0.61418325
985 0.7871594 0.13306333 0.035608806 0.689436 0.89086825 -0.31001964 1.7839974 0.24234632 0.18804725 0.63565135 1.094566 0.60996115 -0.1328809 0.4531171 -0.7939434 -1.4269783
986 2.2010584 0.0134660145 0.6979111 0.34849262 0.35224354 -0.7299082 -0.586195 -0.1599996 0.98962444 0.14112368 -1.2770467 1.0330244 0.4557465 0.90648943 0.81761134 0.012431457
999 0.43848825 0.8058612 2.1868296 2.4606054 -1.9817523 1.0072756 -1.908019 -0.27591184 -2.5743935 -1.0079844 -0.50119656 1.5813798 -0.3816869 -0.093477204 1.4099146 -0.77032435
1009 -1.6983335 1.775549 0.97803026 -0.7390998 -0.3336876 0.8381177 -1.8634135 -1.8146074 0.6614098 1.2902191 -0.12989837 1.1137699 -1.7797217 0.2349709 0.0024501218 -0.7714738
1020 -2.3569791 -1.7331074 0.16815075 -0.6740127 0.6720407 -0.3102321 -0.3931087 -0.3961111 -0.35582906 -1.4796343 -2.330373 -1.998656 1.2749934 1.3887165 -0.017635027 -0.99859047
1029 0.082740225 1.7500327 -1.0086505 -0.3699241 -2.1660464 -1.1901315 0.89710593 0.19162124 -0.42382413 -0.031584498 1.1353512 1.2475083 1.5889232 0.5133316 -0.2875034 0.03750492
1033 -0.25179997 -0.2575403 0.015832424 0.26258865 -0.46338436 -0.28808615 0.31939715 0.07365803 0.9229794 -2.3765824 -0.1275477 1.6776992 0.5826233 -0.60719794 -0.14055924 -0.17376237
1101 0.5470528 0.23283184 -1.5307664 1.2589635 0.30988434 -1.3608172 -0.9320699 0.5352055 -1.0284042 -0.82823926 -0.0131146405 -1.4941685 -0.3976752 0.6784112 0.35409448 -0.20316556
1107 -1.4962302 0.24091822 -1.0770005 1.754298 0.08638828 -0.3405887 0.8460814 -2.363467 -0.89203995 1.0130575 -0.64578706 1.5126239 0.38932055 -0.22739922 -0.26512358 0.91718113
1111 0.27029297 0.14859623 -0.290799 -0.066793144 0.49499205 1.8589954 2.1819377 -0.81387204 0.3252968 0.5933198 0.7866145 -1.5150722 0.35697666 -0.32342207 1.3085504 -0.7778105
1123 0.31720528 1.5729941 0.5794779 -1.4748998 -0.61043364 -0.63325816 -0.95614314 -1.787368 2.6677136 -2.4064639 2.0516093 0.14663036 -0.016696185 0.5200673 1.0951251 1.3824991
1133 -0.16912043 0.9425902 0.46521115 -2.2174296 -0.028268978 -1.2769569 1.0573715 0.23502854 1.725725 -0.1560943 -0.36795568 0.81841576 0.7993639 0.16448611 0.25138414 -0.8391658
1134 0.5306502 0.25379297 -1.0213482 -2.060424 1.3227454 1.4225256 0.29596353 -0.37782118 0.010285098 0.56242764 1.1072283 -1.2341074 -1.9648438 1.1287048 0.16019149 0.6109974
1155 0.69083685 0.79089266 -1.3746893 1.8007346 0.26458535 -0.1710506 -1.3346655 -1.7322387 -0.98066795 1.3095375 0.17863078 0.59613925 -0.45630768 0.96269715 -1.0772653 1.0602049
1158 0.1108649 -1.8975074 1.4303663 0.6364133 -0.6411316 -1.0752299 -1.0718211 -0.7640397 -0.5808481 -0.45770863 -1.489208 1.0105857 0.9780202 -1.2570057 -0.792545 -1.5424865
1159 -1.0297413 -1.2869924 -0.2337722 0.16264646 -0.0522972 -0.574106 0.51993996 -1.3624191 0.5725203 0.96400356 -0.88868433 -1.4269639 0.5386966 -0.6226891 0.59091836 -0.7519225
1186 -0.05421948 -1.1557858 -0.40638506 -0.0252999 -0.20152606 -0.26462546 -1.6649659 -0.62553096 0.77495813 -0.0071241036 -1.3621534 0.9793367 1.3295844 1.4491132 1.0546647 0.04941174
1207 -0.89312315 0.79272586 -0.97201675 0.26721698 1.8350967 0.19419667 1.6824387 0.7545844 -0.164951 0.56047964 0.45321387 -0.78289694 -0.13318217 1.4031659 -1.6865624 0.60723096
1240 -0.43186525 0.7493013 -0.162437 -0.03283606 0.1403808 0.39794657 -1.1764742 -0.93885636 1.0754821 -0.07198974 -0.97333896 0.32393238 -0.64168614 0.84691423 -1.0168716 0.5790372
1241 -0.99052674 -1.427114 0.5575037 1.2690241 0.61039895 -0.83650094 0.99917704 1.7032177 -0.005290732 0.29908133 -0.6586487 -1.1915995 0.3580538 -2.736214 -1.2724727 0.90355784
1263 -0.14802141 2.2408454 -0.65670377 -0.953054 -0.59495187 -0.8858494 0.31729195 -0.7877452 1.3438061 2.0096586 -0.393582 1.6694832 -2.1274393 0.13634975 -1.4294798 1.4030423
1274 0.21109857 -0.026609143 1.579891 1.7834206 0.44736427 -0.2509991 -0.44525006 0.1765789 -0.089219764 -1.0726558 0.0903596 -0.29405615 -0.6638438 -2.3691459 -0.90426624 -1.2417126
1287 -0.0054775514 -0.10701621 -0.5580036 1.0168887 -1.5255891 -0.54452324 0.969869 0.8181733 -0.12896387 -0.3033647 0.85109437 -0.38937417 0.7623795 0.1363749 -1.8960893 -0.32800254
1288 0.07448266 -0.1666405 0.23682913 -1.1382953 1.1109369 -0.6189236 0.7152653 2.5546348 -1.693501 2.9638882 -0.5497166 -0.48715973 -0.5010147 -0.16948685 0.012461159 0.65339303
1333 0.51985455 0.2062149 -0.71686107 0.854698 -0.28363356 -0.9933783 2.058944 -0.64567864 0.16964099 0.8609113 -0.41701683 -0.0046077156 0.09953221 1.0049801 2.3749304 0.87855726
1335 -0.67332464 -0.84628195 -1.5972303 0.70472765 -0.08031952 0.79705924 0.3398974 -0.42160094 0.2061035 0.42926425 -1.7947152 0.3570428 1.7545362 0.23998526 0.1894733 -0.9996569
1336 -0.13446802 -0.019742157 -1.2077874 0.00881517 0.70451504 -0.16555752 -1.563452 0.5422788 -1.5486743 -2.6165786 -0.8022714 1.0764596 0.9740286 1.8041661 0.87243295 -0.58071864
1338 0.60402054 -0.47780386 -2.3781798 1.4170789 0.21521378 0.38617748 0.4857099 -0.7778622 1.3920064 1.5130676 -0.41008592 -0.70876336 0.03483768 0.7945983 1.1080974 -0.083631836
1350 -0.68962955 2.3544033 -0.4447046 0.03166688 -0.4406915 -1.2233018 0.58251035 0.9990603 -1.2304395 0.4521704 0.58105177 1.5750105 -0.6839054 0.68264955 -2.160915 -1.0160419
1354 0.045283925 0.07919728 -0.70083576 0.5449717 -0.025896164 2.356353 -0.5402404 0.38306528 -0.40663087 0.30013955 0.039975848 0.4696138 0.697092 -1.8220518 -1.5986239 -1.512616
1357 0.55008644 -1.4071133 -0.23448336 -0.14553739 -1.0922351 -0.067012675 0.6430091 0.7841038 -2.0315418 -0.34751064 0.24549939 0.79326344 -0.4363098 -0.36710504 1.0543196 -0.31835377
1375 0.41477743 -0.7028799 -1.7565757 0.6666616 -0.31869638 -0.7631962 0.88636404 0.80444986 0.08520264 0.07266708 1.1672957 1.5019414 0.6953228 -0.13739575 1.8307687 0.014094219
1376 2.13325 -0.11628229 -0.93456477 0.19182812 0.1993722 -1.2302809 1.82679 -0.93927515 -0.42874342 -1.0925572 0.23531894 0.05284985 -0.007816167 -1.3935777 -0.1438931 -0.4460912
1381 0.29102507 -1.822273 0.4458736 0.3566825 -0.040032607 1.9567242 -1.0291352 -0.8710867 -2.111399 -0.74286443 1.274933 1.7321913 0.03128122 0.66662276 -0.84458077 -0.47594565
1403 0.40653235 0.83525896 -0.042135954 -1.9934338 1.2115597 -0.021923326 -0.35554302 1.1460205 -2.6274807 -0.39851615 -2.2270396 1.8206717 -1.6278085 0.7721594 -1.3573853 -0.78081876
1407 -0.10193129 0.25466096 0.33491507 2.165843 -0.08804794 0.75679094 -0.10473007 -0.618664 0.14702229 0.5935223 -0.02614626 0.5205944 1.1456243 0.36214855 -0.25676173 1.4049277
1412 -0.8316286 -0.9531588 0.8884569 1.070832 0.76161957 -1.5658767 -0.16778955 0.8524908 -1.4252219 0.14159474 -1.5002937 1.0197726 -2.0468528 1.2993795 1.0545294 0.6716863
1413 0.40601712 -0.46599415 -1.008166 -0.67177397 0.7291239 -0.92925155 0.059865918 -1.3193206 0.04887308 0.810029 0.9082598 1.902578 1.8169885 -0.4744549 -1.0505487 -0.10775818
1419 -0.0131728705 -0.08661024 1.3508456 -1.7196554 2.1173618 -0.7665307 -0.48921174 -0.41706622 1.1971238 -1.036667 -1.461639 -0.27650684 1.2449684 -1.288583 -0.28405312 -0.5296668
1425 1.4205191 0.91282094 0.5884745 -1.1961418 -1.0385953 0.9245563 1.0023131 0.42063817 1.6412991 0.05408041 -0.17508473 1.4237102 -0.8744602 -0.13861421 0.26120254 -0.577215
1427 0.49138513 0.9452147 -0.56867534 0.007657642 1.4043202 0.613282 2.1796367 0.38610673 -1.9828643 0.63654643 -0.7819479 0.9791093 -1.2425857 -0.15553965 -2.3717582 0.29135486
1463 2.4665275 -0.5912917 0.32268178 0.5254367 1.0028056 1.0043104 0.21011521 -0.07781625 -0.7338508 0.40733704 -1.3224281 1.1898603 -0.12515269 0.094003476 -0.8062834 1.1604843
1479 0.12186276 0.07245439 -0.47378966 -1.0646973 0.3590262 1.114675 -0.8437693 -0.094957545 1.387738 1.8676373 -0.93875796 -0.6881021 0.68145275 -1.4734792 0.917907 0.17596163
1498 1.1312718 1.1813804 0.14978775 -0.73441 1.624545 0.35117215 -0.210208 -1.2175108 0.05635303 -1.8477559 -0.1593945 -0.53832144 1.4817959 0.40261924 2.3124943 1.367716
1512 0.6551373 -0.66019225 -0.85671747 0.3297861 -0.6859123 -0.7693409 0.5346087 -0.100405 -1.064854 0.9125444 -1.1000865 1.45413 -0.39975196 0.82834786 0.06864379 -0.1565677
1513 -1.3497393 0.636548 0.20632155 -1.1531446 -2.0981238 -0.7377115 0.3250964 -0.5452855 -1.3007318 -0.014800725 -0.8064204 -0.7637132 -0.53124756 -2.207144 -0.4501477 -0.76830655
1531 -1.3998439 0.4144839 1.4179207 0.5128158 -0.42477936 -0.13564426 0.09259399 1.5124279 -0.18197477 1.2163525 1.1966923 -0.37191495 0.5441158 0.10857032 -2.740829 -0.2983011
1532 0.9333788 1.167605 -1.517372 -0.40545192 1.9912868 -0.3469777 -0.33004543 0.2835637 1.5216901 -0.36980948 0.21357527 0.9731021 0.65421623 -0.796891 -0.76684856 -0.29791227
1536 -0.0120732 -1.0259748 -1.0089034 -2.8717513 0.6740178 1.8797177 -0.21694206 -1.7075042 0.28027302 -0.122423805 -0.9397855 -0.3968317 -0.035807617 -2.2645319 0.8061332 1.0312735
1540 0.33089736 0.2072449 -0.5512226 0.21859735 -0.27035186 0.8704634 1.0608217 -1.7625757 0.3275863 0.85819024 -1.509263 0.8592072 -0.22547263 0.9889842 -0.20444855 0.46328598
1548 -0.3214269 -0.80334675 -2.2711375 -0.044540357 -2.5455153 0.26837134 0.03703115 -1.6193099 -0.6039877 1.244195 0.21571265 1.6973282 -0.68523467 -0.021043777 0.47507936 -1.7078345
1555 -1.9483035 -0.66276574 1.6067954 -1.1879281 1.34234 -1.0442876 -2.6912322 -0.4891596 -0.006753679 -0.42865872 1.0206462 -0.70965135 -1.7277775 0.5355841 -0.3991083 1.4929417
1560 -0.5274567 -0.5083717 -1.0097653 -0.3808248 0.5754172 0.060169328 0.88481045 -0.43086112 0.66807234 1.9554269 -2.1878264 0.81742734 0.7635866 -1.095607 1.3851463 0.46842927
1565 -0.45938778 0.030394934 0.3373576 -1.7468293 -0.33672956 -0.3169903 -0.47038624 -1.1371615 -0.94601846 0.5688782 -0.05684278 -0.20153002 -0.61829484 0.14212565 0.82553697 -1.8538631
1568 0.59629977 -0.2251591 -0.66278476 1.1763561 -0.05685196 -0.11329323 -0.32828376 -0.16621703 -1.6300315 -1.0369298 1.569975 -0.9979526 0.32837343 -1.7710086 -1.6311175 -0.61413157
1570 0.86081976 1.1533 -0.3838941 -1.0368776 0.32998598 1.0141355 0.6262706 -0.4346791 0.28015426 -0.8920866 -1.3525997 0.8032068 0.8716729 -0.26881787 -0.41675222 -0.96504915
1574 3.0505085e-05 -1.411706 0.735661 -0.4271062 -0.8192632 0.6967028 -1.6403613 -1.7180406 -0.016043777 -1.0710235 -0.46536916 -0.7496263 -1.7014569 -0.9966798 -0.45500347 -1.5535642
1577 -0.55144477 -0.22772469 0.34255585 0.9742695 -0.41448256 -0.63278115 0.78125083 -0.74102426 0.9671321 0.8000814 0.4578921 -0.10107148 -0.6980992 2.0795588 -0.09310664 0.71444523
1584 -1.2969579 1.4970379 -0.50807005 0.36949167 -1.0022931 -1.9953884 0.8668496 2.794418 0.28257367 -1.954793 0.2632734 1.012138 -1.3926169 -1.3518163 0.4049306 1.4974413
1593 1.0264016 -0.78195834 1.0958132 -0.6630607 -0.7236991 0.48080605 -1.3227657 -0.796958 0.2681782 0.074935734 -0.20118733 -1.3169132 -0.6361836 -0.48745763 0.6073014 1.165548
1599 0.21173835 -0.34446958 0.5420507 -0.48508805 1.2310808 0.120369256 -0.69623953 -1.2218843 -0.04660359 0.11250025 -0.3668122 0.44626302 -0.56827515 -0.4807275 0.7290671 -2.2105916
1608 1.4176154 1.0053998 1.0480646 0.87824667 2.3614252 -2.2342036 1.1161052 2.38044 -0.9440213 -1.8584877 -0.093685836 -0.44025013 -0.3676818 0.38244647 -0.5367935 0.5188787
1613 -0.44219312 1.2280735 0.27834874 -0.9379838 -0.1165707 -1.2105874 -1.381778 -0.067826435 1.2673613 -1.1921608 -0.38231367 -1.7938691 -0.4701202 1.2570403 0.25765955 0.6550179
1617 -1.733715 0.058615506 -1.1096724 0.39352795 -0.4965113 -0.4527224 -0.34785032 -1.4308842 -0.21777624 0.2603337 0.7357704 0.47621828 1.5121995 0.85801846 0.2811476 -1.3583165
1624 -0.122466385 0.17259443 -0.4824979 -0.89197135 -2.2479217 -0.24784638 1.398334 1.9785798 -0.24196114 1.5518019 1.524466 -1.3277057 -1.309314 0.5414715 0.35402372 -1.1202495
1626 0.21993603 1.9275807 -0.64147675 1.1582853 -0.56040704 1.3076096 -0.9780079 2.1568408 -0.6811675 -1.1876299 0.3328498 3.254797 0.7751136 0.32074973 0.0605733 0.7215044
1632 1.4684175 -0.6512247 0.88819563 0.124752834 0.009489048 0.6158046 -1.2536366 -0.48535645 -0.3992116 -0.31788924 -0.403741 -0.008631731 -0.814904 0.13566683 1.2684782 0.5286919
1636 -0.3292113 0.08592039 -0.24307746 -0.96778643 1.2085687 0.6363503 0.59280044 1.3635646 0.18296902 -0.09405551 0.25818965 -0.29566 -0.124610856 1.1547084 2.0064282 0.41862214
1643 0.60668534 -1.6299733 -2.679981 -0.90037125 0.6974356 1.194011 -2.139664 1.0633324 1.7614506 0.44652003 -0.4221468 -0.13450931 1.3905797 0.17757061 2.7878883 -0.22240457
1663 0.6925018 1.4701277 0.8519281 -0.43490437 0.89787483 1.7557127 -0.36402163 0.43973053 -0.7613576 -0.43606216 -0.23795907 -0.9091984 0.2890054 0.81713927 -0.040658686 1.6758337
1666 -0.29133105 -0.62683326 0.47974184 -1.3120339 -0.11600437 0.3224765 1.135266 -0.6657283 -0.35666886 0.9096208 1.3081762 0.43400037 -1.8678702 -0.67048854 -0.3054643 -0.12734602
1687 1.438577 1.2720156 -0.6446396 0.46519324 -1.1823124 -0.3286717 -0.53238666 -0.09860292 -0.5976315 0.3831259 -0.84530437 0.40101996 -0.10002195 -0.56081694 0.19596684 -0.9230198
1698 1.1328298 -1.125072 -0.80116636 -1.0090367 -0.8070666 0.54670346 0.4986356 -1.1654676 -0.11651333 2.1882467 -0.41679385 0.34240296 0.28163144 1.3871099 -0.13627194 -0.8026537
1703 0.2703098 -1.6430397 -0.9013345 -3.1042318 0.30806094 0.8756253 1.3374846 -0.96357596 0.24913108 1.2795222 -0.5777543 -1.3496376 -1.3832139 -2.2557976 -1.4033244 -0.9322428
1715 0.2575775 0.089276925 1.4124732 1.2056667 -2.3042402 -1.8877356 -0.9650898 0.35192016 -0.0046333075 -0.32553348 0.5915188 -0.18866454 -0.5339212 -2.422987 0.3081407 -0.7749091
1734 -0.97841483 -0.0982904 -0.363811 -1.2074685 -0.939604 -0.83564883 -1.1315367 0.3431211 0.107049264 1.2808686 -1.0325439 -1.9486223 -0.13544166 -2.036781 -0.41912562 1.9266906
1754 0.48346877 0.76458496 -0.8274704 0.37755513 0.7041437 -0.98009515 0.34580192 0.8380034 1.4250655 -0.4600959 0.4502613 1.3952442 0.60940796 -0.27412906 -1.3873211 -0.022317171
1756 0.7434744 -1.7751042 -1.1282696 0.36773002 0.5479333 -1.7624247 -0.88623875 0.8675571 -0.24737294 -1.3151177 0.2318763 -1.8517748 1.9730244 1.0790557 -0.7076747 -0.93623614
1764 -0.69342136 -1.499521 -0.90792525 0.25878143 -0.87317944 -0.8237813 0.43341592 -0.25556323 -1.5210092 0.21232952 0.63274604 -1.1121078 -0.88371795 1.0295532 0.42122152 -1.1929414
1765 1.0758541 -1.2628956 0.43582663 -1.6184715 -1.0918268 -0.6335064 -0.060864832 -1.0086437 0.8961988 0.2925993 0.539927 1.0638778 -0.05711192 0.88021255 1.021763 0.70113426
1775 0.044027656 -0.032222502 -0.008849606 0.38092813 0.04514346 0.4569562 0.63643795 -1.5032057 -1.057521 0.00825702 -1.3569404 -1.2121086 0.045706425 1.4637975 0.6288828 0.43268594
1782 1.9610159 0.5442693 1.028515 -0.64128304 -0.27664554 -1.8232253 -1.286717 -1.7466066 0.75804496 2.390491 -0.06578957 1.2774006 1.0047843 1.0593405 1.8721945 1.7231687
1791 -0.50687057 1.6813638 -0.50745547 -0.48147535 1.3352698 0.15923494 0.59359896 -1.4308555 0.24582402 0.60279477 -1.4394346 -0.76920223 0.21439461 0.27420855 -0.46776712 -1.2611881
1838 0.31784078 0.4249091 0.060149748 -0.23972587 -0.32079253 -2.799302 0.07506578 0.084268294 -1.5001826 1.0852075 -0.59031254 -1.638298 0.8798353 0.43673554 -1.2011808 -1.0052795
1845 1.2051228 -0.32953212 -0.08811909 -1.6699765 1.1552966 -1.125203 1.2038891 -1.3441781 -1.7427537 -1.3819044 0.23965241 -0.95563185 -1.9367652 -0.009614839 0.121398166 -1.7425766
1857 -2.445226 1.1004933 -1.0367754 -0.26361713 -0.020391444 0.26928064 -0.2874902 0.005649771 1.1653329 -0.17129111 1.1398748 0.3603001 0.8440377 1.3009874 -2.9786937 0.20111844
1860 -0.634982 0.22125235 0.93703115 -0.5356085 -0.16069473 -0.75141454 0.82048684 -0.03004493 0.21286124 0.54853535 0.79594237 -0.12394072 0.6959152 1.898927 -1.1498764 0.29549012
1877 -1.5556685 0.74993676 0.8461965 0.71243286 0.01662335 -0.6111435 0.35562375 -0.5246848 0.46234047 2.4202485 1.5847579 -0.55088305 -0.47532052 -1.0521028 0.5792699 -1.5791277
1878 0.9651799 -1.1496803 -0.76613647 -1.6899787 1.8371812 -2.2719772 1.799816 0.8385341 1.5784907 -1.3374163 -0.56352 -0.44732216 0.16830668 0.27082938 -1.2997739 1.4290113
1908 0.8841733 0.60518515 0.36569685 1.414624 -1.3121318 -0.67482895 -0.9994101 -1.5971246 0.26869258 -1.5468218 -0.07990273 -2.1763725 0.92463535 -0.23350526 -1.2239443 -0.21091747
1910 -1.4427252 0.62742454 -0.91450465 -1.231524 -0.2848145 1.3527873 1.174526 1.1279049 -0.014846418 -0.35410422 -0.53613937 0.38997176 1.0807956 0.37090218 -1.1660835 0.3513862
1922 0.6644695 3.1221533 -1.0860038 1.2198163 -1.3472594 0.5247084 0.7321564 1.4338926 0.5005738 0.84340465 -0.5525523 -0.2406013 0.5692289 0.97978806 -0.28154707 0.94047534
1933 0.15405427 0.37346816 1.079368 -1.5516797 -0.64249647 -1.6517262 -1.0447774 1.0522557 1.0181408 0.043280005 1.0131179 -2.1246192 0.19669692 -0.28545868 -0.11815118 0.37513557
1938 0.63198656 0.17487232 0.13065822 -0.93456477 2.7974885 0.030746583 -2.1118093 0.30650192 1.061873 0.23232919 -0.502821 0.018686678 -0.36467668 -2.5705998 -0.778494 -0.30837157
1954 1.3443344 0.250905 2.0794098 0.7015132 0.07793603 -0.61631525 -0.6656612 -1.8685793 -0.81232226 1.2964643 -0.25228757 -1.132907 0.38398004 1.3516177 -1.561531 -1.0718142
1959 0.09510886 0.31182593 -0.30565473 1.8567053 0.62217134 0.9441116 -0.021791132 0.033549596 -0.44867477 0.5057664 -0.09712395 -0.04255109 1.628029 1.7543708 -0.9210002 -1.239724
1975 -0.5753397 1.2378173 0.54800934 -0.62377805 -0.15213844 0.88132876 -0.5009331 1.6672394 -0.5560486 1.0984994 0.07775586 -0.33830708 -0.42148805 0.3389325 -1.5725032 -2.3623242
1979 0.8519998 1.3997624 -1.0973923 -0.6981043 0.8005869 0.2496746 -0.30526108 0.012801043 -1.4248415 0.6352044 -0.67064273 0.6536593 1.1654218 0.9760313 0.5935609 0.78514063
1980 -0.18343358 -1.2444879 1.0071824 -0.37040302 0.9526758 0.3176027 -1.3383573 -0.78059256 0.449619 -0.15972991 0.2868582 -0.9487087 -1.137 0.043542936 0.19749215 -0.43126357
1999 0.14903559 -0.019370127 -0.897684 -0.10968278 0.5771553 1.0995646 0.22457017 0.3035437 0.58089197 0.2949942 -0.6109857 0.65427077 -0.24127153 -0.65558887 0.18274458 0.96081984
2007 0.00048866274 0.04465617 -0.40250894 0.3166077 -0.35583982 -0.69915897 0.30402952 0.056948036 -0.40526304 -1.3763478 -1.3503371 0.922128 0.05666622 1.8763378 -0.8736295 -0.48841444
2027 0.28849256 0.095735006 0.42590246 -0.19136871 -0.036763076 0.02052288 0.36684716 -0.19677122 1.9977208 1.2258599 -0.36079803 -0.102088146 -0.14489241 -0.6645244 -0.50670725 -1.5035611
2034 -0.96128714 1.0276177 -0.5408657 0.1031129 -1.0912496 -1.1856124 0.86551625 -0.69457954 1.1957259 0.106185205 1.0064867 -1.00902 -0.06860995 0.4536451 -0.042401724 0.65773076
2055 1.1193085 0.6605925 -1.0958796 0.12532379 0.012186558 -1.1408299 0.08230996 -0.2579045 -0.089068495 -0.0010574107 0.6266334 0.58881193 0.7077228 0.5267473 0.7237591 -0.8279209
2057 1.8244703 -0.8101419 0.08141882 1.9157414 -0.6810385 0.1922432 1.3354247 -0.39442018 0.35087192 -0.55977947 0.21316987 -0.94163793 0.17889175 -0.62733537 -1.2838532 0.33411002
2062 1.7637608 -0.8541246 0.668629 -0.96755344 -1.2208514 0.27080554 1.2117233 -0.6816132 1.1683422 -0.5948488 0.38616064 -0.8102135 0.24586444 -0.09420372 -0.19952734 -0.38563842
2074 1.2389588 0.3117557 0.25093743 1.2354876 1.817753 0.25556353 -1.3792759 -1.6632313 1.4256716 -0.6685232 -0.7088626 0.15623651 -0.6555601 0.15242976 -1.6714219 -0.86974
2082 -0.6999456 0.66455674 0.8946911 1.4650338 -0.27941355 0.43528953 -0.5715272 -0.22514234 0.82175326 0.19858482 0.06857389 0.39002734 1.6783211 0.112817034 0.40258375 -0.29608366
2091 0.029019473 -1.7538155 0.98191434 -0.8648588 -0.29949877 0.70994663 -0.6629347 0.51069164 -0.055200107 -0.89481485 0.17826965 0.71113634 0.8829747 -0.049309265 0.34899276 -1.1428627
2102 1.1040306 0.5761179 -0.650131 0.95431495 -0.44974503 -0.31958646 -0.049467277 -0.35789815 -0.1312503 -0.65345824 0.31949714 0.37912375 1.293961 1.3080933 1.1252536 0.5603177
2114 -0.34273842 -0.032854144 -0.7571479 -2.249693 -1.3876659 -0.9950408 -0.87902975 -0.18254814 -0.30224073 2.348654 0.03817728 0.15216947 -0.2625384 2.4343612 0.19096406 -0.2614942
2116 1.6223589 1.6190523 0.07611342 0.48411182 1.2972887 -0.21162339 0.79280865 -1.070106 0.69362926 -1.2998334 0.7878633 -0.57632244 -0.8045429 -0.3303121 -0.7525034 0.46593964
2127 0.23510115 1.1438036 0.5297999 -1.2123295 -1.1769359 -1.3723593 0.6589497 -2.1878667 2.0546546 -0.74935186 0.5993102 0.17973946 -0.27031845 0.17069268 -0.3227235 -0.7112125
2137 0.10688066 -1.7386788 1.3049359 -0.1639549 -0.00356842 1.6238018 0.65478677 -0.6866012 0.3697551 -1.7186764 0.33253103 0.23425478 -0.7847155 -0.13449074 -0.056052957 1.2458407
2138 0.7949988 -0.34538248 0.15652226 0.19278611 -1.0608052 -1.1189399 -1.7553238 0.7878394 -0.48453504 2.2372375 0.5618167 -0.6722826 -1.6854999 1.7557352 -0.7107775 1.3347433
2151 -1.3788022 -1.0839351 -0.25176594 -0.12834609 -2.3276007 -0.69297117 -0.21200213 -0.7143782 -0.88408434 -0.1321136 1.831316 0.09930254 -1.2726314 -2.1346006 -1.129813 -1.1253434
2165 -0.19227977 0.46198973 -1.03414 0.8741742 -1.2164419 0.42304453 -0.4493694 -0.8973262 -0.034460533 0.9791073 -1.2079216 -0.4082252 1.3791573 -2.0324504 -0.0875974 0.24129623
2169 0.94126487 2.7146149 -0.35461625 0.028753493 -0.5678101 -0.8635276 -0.38750038 1.2023503 0.25061682 0.41460255 -0.6655388 -0.57748204 -0.2688593 0.66477823 1.7683537 0.32048413
2192 -1.6031365 -0.2554034 0.6807968 1.6859225 -1.2175386 -0.06152335 -0.07294827 0.6664534 1.8703083 1.8026268 0.5584448 0.47556 0.7665355 -0.6949742 -0.45315787 -0.049825057
2207 -0.6306235 1.0349337 0.2906114 -0.5060855 1.0262843 1.406234 -0.20765634 0.33191025 0.119356364 0.723468 2.4431148 -0.2770382 -1.9230613 1.1212101 -1.5470785 0.30040675
2209 0.9144752 0.74452823 -0.7304165 1.7297682 -0.5422129 -2.0439906 0.099812604 -1.1839262 -0.7895054 -0.56570274 -0.47241324 1.0206585 1.0397986 -2.141678 -0.7320588 0.01907103
2215 1.0490917 1.9197929 -0.33672497 -0.518947 1.1574385 -0.17542782 0.3143341 0.9055447 0.11665643 0.6775851 0.23747505 -0.6041553 -2.2522008 1.0539378 -0.16166666 -1.2641336
2231 0.512485 -0.9084254 -1.1287129 1.0178496 1.8344357 1.3401914 -1.1636363 0.8908815 -0.19447039 0.41386876 1.9744813 -0.4549415 2.0124292 1.294135 0.17920113 -0.6131654
2232 0.7192201 0.2134085 0.44985828 -0.7970985 -0.8964539 -0.15394321 2.0397582 0.38644016 0.46643445 0.4616103 1.5004863 0.13841835 -0.67235416 -0.35631892 -0.13192499 0.45895502
2244 0.17430462 0.18557768 0.4750223 -0.38388684 -1.2531345 -0.7750169 1.0482583 -0.78218216 -1.0922451 -0.99144167 0.08821546 -0.8356301 0.86811024 -0.077190585 1.493741 -0.70049816
2245 -0.44523987 0.19514962 1.2381655 2.2731202 -0.4255071 -0.5741756 0.7324942 0.7445467 1.0139011 -1.0624453 0.3292237 -1.0874045 -0.2596461 -0.80302453 -1.1062455 2.6968093
2255 0.49449003 0.03197155 0.90713406 -0.14253026 -0.8461875 0.21577749 -1.138627 0.16764879 -0.11088577 1.2121971 -1.5812262 0.72972006 3.2126873 0.21256137 -1.0650342 -0.5102935
2287 -1.2638265 -0.3914673 0.33749163 -1.2858449 -1.3658402 0.11027235 -0.17958795 0.7017839 -0.05775699 0.14289019 0.8124826 1.1144267 -0.17169052 -1.0141264 0.857849 1.1771119
2295 -0.29068136 1.3669195 -0.40609828 0.7281469 0.6208325 0.5243956 0.8517574 -1.3274486 0.779078 0.85735387 -1.2429891 0.8433727 -0.016228156 -1.0792772 1.5605893 0.013084947
2310 0.1155577 0.04562807 0.60565025 -0.6349372 0.17048894 1.352934 0.5411686 -2.2262518 -1.9502646 1.2180173 -1.5443565 -0.25304964 0.94754076 -1.3530236 -2.0381856 -0.44067547
2311 -0.60480636 -2.1506867 1.6119989 -1.4622074 0.05162275 -1.3278255 -0.65219986 -0.021333016 -0.74079984 0.19087705 0.98025805 0.6674836 -1.3589506 -0.44159082 0.45449606 0.35038042
2319 -1.9276929 -0.17911525 -0.8153925 -0.7757236 1.0939251 0.26296288 -0.9012024 -1.3361856 0.2621866 0.19791667 0.5241653 -0.57516277 0.5218411 -0.07748931 -1.2705415 -1.2661031
2334 -0.9149828 0.69858664 -0.097360544 2.3174496 -0.024134539 -0.64355236 2.2613876 0.62391603 -1.2790436 -0.31642726 -0.0071101314 3.3182511 -0.8491234 0.22971657 -0.56284994 -1.3573357
2338 1.7974889 0.28693435 -1.1464872 -0.25131896 1.3991494 0.26719075 -0.9960416 1.54136 -0.26995617 -1.3049058 -0.0048141726 0.26500338 1.3272299 -1.5180948 1.617558 -0.19279437
2343 -0.35045418 -0.27598748 0.29115212 0.51706094 -1.1186213 0.6675184 0.082592696 0.6453825 -0.19227785 0.57829666 -0.36845362 -1.1673645 0.08256804 -0.27459413 0.03321702 -0.27475256
2364 0.047767997 -0.44833428 -0.5510644 -1.3415543 -0.28511354 -1.7461504 1.1189749 0.7866262 0.8487823 1.1469766 0.662366 1.0341336 0.25325438 -1.2971143 -0.5768679 0.5981054
2368 -0.5736448 -2.2404275 -1.0312263 0.64710504 0.6877064 1.0235099 -0.09482491 -0.11533891 0.509349 -0.9732389 0.42787373 1.1675531 1.1636194 0.39084506 0.66396147 -0.14192368
2369 -0.17449796 0.16503726 -0.5435832 -0.8887184 0.34080517 0.67975295 0.80404365 -0.81149644 0.10580041 -1.5387474 -1.129888 0.51409286 0.25262147 -0.0021031888 0.8381318 0.08663658
2396 0.8300249 0.43258825 0.7285783 -0.7994564 0.22536756 -0.4831645 0.73997885 -0.15575968 -0.87760574 -1.7336209 -0.5024014 -1.1649996 -1.5235157 -0.017453434 -1.1655946 0.78390723
2399 -0.63605666 -0.0738366 -1.2959384 -0.072911635 -0.4533632 -1.2184103 -0.4654299 -1.4434866 0.0013509124 -0.06170831 -0.21513905 0.0462912 -0.34685314 -0.1622544 1.6418233 0.52299464
2408 0.5129834 -1.3793026 -1.0893452 0.18892196 0.10150886 -0.5694255 -0.5711551 -0.40896845 0.663004 -0.41491607 -0.5935181 -1.6072998 1.0292696 -1.6981872 -1.2029167 -0.39937267
2412 1.0578557 0.7161152 1.1556745 -0.623214 0.49896166 0.8164634 -0.3782725 -1.0522482 1.4504291 -2.182233 -1.3371298 -1.7559106 1.8111181 2.0904799 -2.006049 0.9141687
2415 1.3302737 1.0727004 0.15505281 -0.113154896 1.8181967 -0.87688386 -1.2698387 1.8611097 -1.3779566 0.02385371 0.18828082 0.47028184 2.4739697 -2.8006363 -0.3686913 0.33689663
2417 -0.3369526 -1.9484206 -0.32261026 -0.13387477 0.64782137 -1.1893822 -0.3015782 -0.7509159 0.49181637 -0.2606326 -0.2816549 0.4938308 -0.4955322 0.48912957 -1.1032609 -1.6212951
2421 -2.0884466 -0.14236538 -1.3926429 0.37351623 -0.20990561 0.1898136 -0.008139501 1.2028717 0.6218389 -1.2537324 1.148556 0.042445112 0.38901946 -1.5575856 -0.802666 0.44608903
2428 0.62186 -1.24253 0.7081503 -0.1079705 1.4593579 0.8077098 1.3683527 -0.24573238 0.69510084 1.3218755 -1.2611717 1.4697952 0.5204714 0.39482167 0.3007665 0.64336616
2429 -0.57103384 0.77882487 -0.28302753 -1.8692789 -0.09403778 -0.17832547 1.2098527 0.4102524 0.80725145 1.9627764 0.24440157 -0.9585348 2.354707 0.96273583 0.47332963 1.18868
2432 -1.5832605 0.8032478 -2.633627 0.9524751 -1.6371666 -0.2215237 0.43148798 -2.1913176 0.20222948 -0.14085177 -2.616877 0.6866923 -1.004097 -1.0817264 -1.2319098 0.2990621
2437 1.1012295 -0.28263313 -0.4660823 0.9864663 -1.5105418 -1.0353585 -0.43538257 0.81601745 1.3514585 -1.4873886 -0.49525246 0.45692393 0.2801171 -0.6555999 0.61345947 0.4929795
2443 -0.059926197 -0.008662184 -0.5318984 -0.83700347 0.7944803 0.87055206 1.066693 0.7712214 -0.06240694 -0.7771726 -0.58963513 -0.7828252 0.35416365 -1.2579103 -1.2392172 0.43193844
2447 1.2207205 -0.27545926 0.21065788 -0.20781833 0.20954809 -0.2388834 -0.02303864 -0.36991173 -0.21932961 -0.8230167 0.49703088 -0.051628042 -0.038241375 -1.9065105 0.7146292 1.2252853
2453 -2.2606983 -0.9617708 -0.58827794 0.44034228 -1.1755286 0.25397646 0.2618835 0.24011753 -2.3774137 -0.4916591 -0.8059745 0.5680705 1.557441 1.0773991 -1.1362518 -0.7626224
2462 0.23644297 1.0477401 0.1431024 -0.6638955 0.9656076 1.4392643 0.7167324 0.24051555 1.4454073 -1.8474517 -0.9647505 0.9199885 -0.8208699 -0.60795915 -0.08863194 1.5006063
2464 0.7424149 -1.3924208 -1.1128458 1.7240473 -0.7917786 -0.4846691 0.022476802 -0.06482424 0.5764319 -1.0547858 1.6372561 0.32282606 0.12414679 -0.40015164 -0.269829 1.2909263
2465 0.7603651 -0.025495194 -3.064604 1.4056169 0.4053769 0.95172197 1.1943926 0.5377656 -1.2514879 -1.2187312 1.5174925 -0.4127249 0.68836534 0.24934071 -0.31509387 -0.38894403
2466 -0.23456995 0.3528873 -0.40228695 1.7622329 0.4723062 -1.3139759 -1.0632808 1.475008 -1.0343517 -0.691431 0.07849278 -0.26808774 -0.40303785 -0.99182177 1.3439153 1.6901438
2468 1.8057257 -1.1440697 -0.42347094 0.05184537 0.09854952 -0.27098158 -1.3963838 2.106466 0.874753 0.05452495 -0.69338495 1.1110326 0.2520298 -0.33319727 -0.17505336 3.1995275
2472 1.3265325 -0.015412271 0.85329175 -1.0655732 0.5819568 -0.8994641 1.0478859 1.3111168 -1.1323411 -1.1841028 -0.041255444 0.15272853 -0.06995506 0.067875996 -0.83270776 -0.588735
2484 -1.1425644 1.945448 -0.58146465 -0.62128055 0.14683102 0.16808425 -0.060099114 1.6756924 -0.5563609 -0.48836565 -1.4415728 0.95569813 -1.4328014 0.85810584 0.2664567 0.3648227
2532 -0.13857809 -1.2373658 0.29320064 0.59110636 0.0012319189 0.30542466 -1.3531538 1.6592677 0.5538964 -1.1666406 0.54492027 0.21506935 -1.1623805 0.42700732 0.019775586 0.9124792
2541 0.8278516 -1.3122344 -1.185133 0.7188394 -0.8155705 -1.5348476 0.42211342 0.08603293 -1.2725861 0.007766754 1.5174396 -0.45658064 0.13979416 0.37313938 1.3431027 0.3093974
2543 -1.043441 -0.19349165 1.6667205 0.6286017 1.1309116 0.5428357 0.023436978 0.4276747 -0.44534245 0.89565796 1.5545511 0.32870558 -1.5117394 1.1969887 0.6946966 1.3371797
2561 -1.5929785 1.8337972 0.3705064 0.7229881 -1.2798195 0.053498942 -0.00022569014 0.28263286 0.063776925 0.13148116 -0.73799455 0.13258693 1.658273 1.6854222 -1.7762889 0.9510563
2563 1.3167309 -0.73227954 1.2723264 0.07178657 0.47795764 0.5588155 0.3655059 -0.63911736 0.48539558 0.9725052 -0.13851322 -0.2900288 -0.5066127 0.6830464 -0.7562062 -0.8191397
2575 0.6542802 0.13560541 -1.29239 -0.325962 -0.04976397 -1.1920685 0.41945443 0.42655173 2.218645 1.1852198 -0.19518574 -0.35144678 -1.1860718 0.015398335 0.743144 -0.34300524
2577 0.42300904 -0.71953166 -0.37432572 0.997042 -1.2398487 -3.868245 0.438497 0.8105217 0.89732397 -1.3714994 0.27868724 0.7311722 2.0082679 1.0391229 -0.8246113 0.5666296
2585 0.11223665 0.423176 -1.0712636 -1.0787873 1.5466927 0.6391387 0.61650926 -0.8579189 0.0017042432 1.1297486 0.7552692 3.7435796 1.4640441 0.59634435 0.7256454 1.762934
2586 -0.084435925 -0.3119259 0.88196707 -1.1084284 -0.7852649 0.93905574 1.9925514 -0.47084364 -1.1265516 0.9687229 0.4335538 -0.89754826 -0.07602749 -1.1353419 -1.2955518 -2.399315
2590 -0.5660981 0.41969 1.2039443 0.03265116 0.6991225 2.0423336 1.334247 -1.1504884 0.67288375 1.0087615 -0.26436266 1.7380955 0.28640148 -1.4266533 -1.1670299 -0.30678532
2593 0.5720986 0.053237133 -1.9635936 0.0018838886 -0.549559 -0.84604096 -0.09201964 -0.21837817 0.87613153 0.5365536 -0.7715049 1.410726 -0.04393628 0.96605885 -0.34246203 0.57745034
2596 1.6676812 1.4539217 0.8097749 2.368191 0.21873309 -0.0950487 -0.0040669027 1.994769 -0.3518386 1.758573 -0.24012649 -0.66632795 -0.13964452 -0.3975175 0.9703417 -1.2413427
2597 0.12956752 -0.062630154 0.5092473 -0.16337937 0.09403429 -0.6576596 0.42083403 0.05812849 0.85541874 1.2988499 2.4175384 0.3117106 0.35714856 0.6128885 1.2940128 2.0864942
2614 0.75364196 0.30787012 0.4318778 0.044049017 -0.9656411 -0.06674651 0.4286508 0.03685208 0.7989502 0.120934166 0.60318154 -0.71268874 0.42931575 1.578797 0.6360663 0.5512056
2616 0.27731085 1.4100311 0.43671343 -0.090095595 -0.68571526 -0.31256947 1.2657325 1.2269782 0.88117385 0.007762607 0.016262488 1.685913 -0.42205268 0.05525833 -0.09710741 0.8181643
2622 0.4467279 -0.20563251 0.04824425 -1.0960662 0.46051225 -0.90063983 0.78597695 -0.34161067 1.0454583 -0.9775432 -0.3076406 -0.309427 0.1569947 -1.751793 0.27733025 -0.75088453
2634 -0.40340176 1.2210373 0.7056656 -0.69670546 -1.1678091 0.48891935 -0.32625657 1.1125654 1.82243 -0.071899064 0.1978321 0.46725947 1.5413961 -1.3269477 0.45047674 -0.7770552
2635 -0.05298429 -1.2339453 -0.4653809 -0.5393972 -0.5804708 -1.4609542 0.6572786 -0.2674873 -0.37204242 -1.6717151 -1.1099539 -0.07037652 -0.2746667 -0.6377482 0.94962275 1.8498682
2658 -1.396858 -1.4969366 0.33572403 -1.0578488 -0.460252 0.47931868 -0.9673707 0.68135434 -0.85041195 0.49716535 0.78949004 -0.7544296 -0.2510348 -1.0425622 0.08626617 0.73243284
2667 -0.5485429 0.52056617 0.7010946 0.43479034 1.2608155 0.08633554 0.46863744 -0.03645008 1.5984701 0.8421887 0.6900558 0.52470136 -0.22394957 -1.9095671 -0.69506484 0.35744572
2673 1.1487796 -1.2941229 -0.23153628 -0.7135325 0.15356752 -0.5873085 -0.8276279 0.58966255 -0.49032822 1.1988995 -1.1467792 -2.1293411 0.28657046 -2.560767 0.9283659 -1.094386
2677 0.2812465 1.3705357 0.7494819 0.18850403 0.007846246 0.6578494 0.26385665 -0.6966001 -1.1219087 -1.0639802 -0.30583763 0.19004674 -1.7445344 1.9537331 -0.8832397 -1.851034
2692 -0.6392003 1.3829097 0.6912226 -0.33306256 -1.6715287 0.10931103 -1.67424 1.4731913 -1.4715695 0.8560817 0.41836977 -0.9712163 -0.77738065 -0.74129665 -0.37548032 0.33014673
2702 0.32227805 0.3663667 -0.88688993 0.74543643 -1.2894938 -0.50910217 1.1754404 -2.2253146 -0.45566785 -0.8214994 -0.23861752 -0.29893953 0.38737378 1.7485828 -0.27058792 0.7244443
