734 8
126 0.7004747 -0.38367006 -0.57901406 -0.16368216 0.0064638536 -0.00086813443 -0.0003893539 -0.006369689
607 0.537898 -0.1039342 -0.6852716 -0.30392954 0.016760932 -0.28573278 -0.11690852 0.20567293
1068 -0.096565105 -0.2511825 -0.50046563 -0.3726427 0.46866208 -0.1280887 -0.30262724 -0.45893356
1110 0.4987929 0.024604684 -0.14711529 -0.85008097 0.023650924 -0.03684636 -0.061133582 0.025796095
1256 -0.011042517 -0.53354067 0.13326238 0.70102113 -0.25078136 -0.2544216 0.086336225 0.26635954
409 0.47399345 -0.43399653 -0.57315767 -0.43810675 0.0049675354 -0.25185955 0.032350585 0.045006372
560 -0.631167 -0.106015235 0.050594997 0.565159 -0.23339613 0.059360433 0.24191108 0.38975126
400 -0.30491114 0.01980221 -0.45591223 -0.30974528 -0.37597716 -0.3196294 0.5968777 -0.0552654
551 -0.0575325 0.14113523 0.71600944 -0.6636133 0.053926714 -0.1177014 0.07052368 0.04453381
299 0.023290515 0.41864654 -0.560542 -0.67574024 -0.09644762 -0.10026327 0.16418515 -0.08395666
1254 0.87371147 0.20248996 -0.09421688 -0.3034261 0.1922738 -0.0097894985 -0.048158143 -0.23515458
1134 0.7334663 0.06560879 0.4828263 0.47261596 0.024900889 -0.003344339 -0.0014999192 -0.024538137
1088 0.47157776 -0.3342335 0.29656065 -0.2291216 0.36374933 0.12733404 -0.5623209 0.2464247
1257 0.29151747 0.0892734 0.2516668 0.68518895 -0.35213542 -0.30813822 0.1387293 0.36882713
684 -0.42328408 0.60540724 -0.28974804 -0.31623074 -0.35326332 0.37725568 -0.055015218 -0.014601913
1427 0.4900251 0.1819691 0.014722608 -0.8223022 -0.11279908 0.18857788 -0.044916295 0.007880102
1111 0.40346867 0.14095446 0.7339457 -0.034962468 0.2233664 -0.24252754 0.1956535 -0.36118376
783 0.6889538 -0.015089391 -0.4684995 -0.42065224 -0.009210968 -0.24690305 0.19044195 -0.17708917
757 -0.0411926 -0.27161714 -0.4386713 -0.5104777 0.053136814 -0.6160401 0.2653229 0.1370473
1122 -0.22711103 0.4721001 -0.08026901 -0.57643616 0.3549791 -0.1395002 0.030499198 -0.49032605
1442 0.35993865 0.4559875 -0.567885 -0.26423973 0.28359497 -0.13668643 0.2602226 -0.32152525
810 0.14420518 0.7860647 0.52657175 0.015475606 -0.03193098 -0.078339815 0.27632532 -0.016656874
1212 0.62692577 0.20550641 0.23752059 0.52888477 0.35109782 -0.058221176 -0.14603975 -0.2839172
1049 0.13811123 0.1547281 0.7517695 0.58333045 0.08172004 -0.20667872 0.044050224 -0.014764796
1536 0.6111863 -0.4030852 0.59519726 0.1580883 0.1973652 -0.20966575 -0.0106023 -0.041193105
1020 0.51932555 -0.17101283 0.6128476 0.22146885 0.01710408 -0.24184118 0.34211382 -0.31718034
1419 -0.39744666 0.70761526 0.28368598 -0.2639204 -0.19272842 0.26880085 -0.28551427 -0.0163846
1140 -0.7251979 -0.21516447 -0.54626304 -0.319178 -0.10184631 -0.030057129 0.07686724 -0.10163495
63 -0.57379854 -0.5699016 -0.33378997 0.3677263 0.03549164 -0.088538736 -0.2978025 0.039294787
1149 0.22481076 -0.3092938 -0.035875574 -0.65357494 0.37452996 0.17785102 -0.40348858 -0.30107057
790 -0.36332273 0.5699361 0.5121484 -0.46945068 0.007889556 -0.11681205 -0.024715623 0.21487524
70 0.09686549 -0.93425554 -0.27823204 0.021942673 0.032035768 0.013630968 0.122545704 0.15381715
821 0.24177927 0.795433 -0.23472673 -0.29284066 0.15873387 -0.35300812 -0.06925849 0.11562384
1161 -0.5633604 0.07358448 0.13915469 0.22102018 0.111663565 0.26370102 0.724722 0.042041343
844 -0.8002506 0.38888773 0.23533948 0.3044231 -0.1775464 0.14705387 -0.027894124 -0.07988611
468 -0.32126123 -0.09792395 -0.48755193 0.18510583 0.43297216 0.34828144 0.28976068 -0.47170424
342 -0.27724653 -0.12934308 0.21592514 -0.12444025 -0.8316702 -0.32662576 -0.12876268 0.17133538
663 -0.16081586 -0.09806664 -0.4976483 -0.7845892 0.10967402 0.004092003 -0.063021146 -0.29201087
219 -0.33652562 -0.098463394 -0.09366928 0.74433744 -0.4507169 0.1497122 0.17008837 0.2444458
798 0.037454136 0.4175568 -0.25376976 -0.5121767 -0.41948557 0.49495113 -0.05085591 0.27200797
881 0.52982295 -0.24443363 0.32465255 0.56582105 -0.15568131 -0.14840701 0.1658884 0.40025845
502 -0.08265906 0.12921482 0.5454023 -0.8239066 0.009638324 -0.001294485 -0.00058056996 -0.009497914
1261 -0.011905393 0.2760009 0.3866397 -0.297266 -0.3904901 -0.11556119 -0.25934777 0.67284936
420 -0.16754538 -0.615395 -0.21805482 -0.32435548 -0.10621326 0.42039672 -0.40543485 0.2967675
442 0.41641453 -0.3883152 0.6416582 -0.51351416 0.013954095 -0.0018741189 -0.0008405329 -0.013750814
1107 0.7693726 -0.16869065 -0.37528303 0.1574423 -0.016416194 -0.3384479 0.20330335 -0.24048933
45 -0.7221924 0.45668906 0.118212126 -0.28144804 -0.29408407 -0.09046578 -0.18902467 0.21514265
1072 -0.7642311 0.10571384 0.30671448 0.3959505 0.13739982 0.2208201 -0.27889493 0.092208296
565 -0.35741282 -0.036413714 -0.50649166 -0.3634751 -0.110545546 0.19113714 -0.6500986 0.1044045
1080 -0.059311055 -0.16903222 0.46944037 0.39978403 -0.047555313 -0.113371246 0.74612665 -0.12605245
1116 -0.10369772 -0.024416769 0.7385393 -0.43798935 0.26805305 0.007373748 -0.22218728 -0.3606959
1246 -0.37304398 0.2984299 -0.22622398 0.46640998 0.23663053 0.5070517 -0.18076709 0.39659807
735 0.43250626 -0.11689011 -0.21065263 -0.27446428 0.48866755 -0.42799374 0.22129975 -0.4567512
1136 0.69288373 -0.32002872 -0.35703817 -0.40370098 -0.24624033 -0.12272925 0.04116252 0.22282732
401 0.6410593 -0.13147147 0.45599547 -0.60313463 0.0052490174 -0.0007049746 -0.00031617755 -0.0051725507
157 -0.6223685 0.38992256 0.32425913 -0.22154492 -0.1923686 0.1606934 -0.46335807 0.16989157
1237 0.32584977 -0.3699479 0.48139983 0.6262759 -0.033609286 -0.057666752 0.052670226 0.35463202
271 -0.24831961 0.45131373 0.38231757 -0.7669532 0.011626511 -0.0015615104 -0.0007003295 -0.011457138
1093 0.53951573 -0.18544802 -0.4172195 -0.25444913 0.26748595 0.2590377 0.18033594 -0.5143394
98 0.3615306 0.23935564 0.031983137 -0.710141 -0.3070003 -0.084449045 0.37192976 0.25878307
701 0.011395218 -0.6085493 -0.49794406 0.24615929 -0.23525724 -0.30779707 0.28462958 0.29982707
411 0.82308364 0.2699402 -0.044616245 -0.24854223 -0.226023 -0.19664317 -0.011735368 0.30985343
848 0.08659061 0.42983133 0.8605015 -0.022210054 -0.14063866 0.08541208 0.0918153 -0.17687936
824 0.059282556 0.27861905 -0.6600267 -0.55568826 0.24038494 0.12740543 -0.085427724 -0.30515116
1415 -0.61546874 -0.3479292 0.47090712 -0.35621122 0.024502998 0.34103015 0.18098502 -0.04296503
1019 -0.062526375 -0.018746167 0.0022547524 0.8642008 -0.28085133 0.22364938 0.023151062 0.34562728
1041 -0.05586619 -0.35729522 0.477724 0.44899473 -0.07894815 -0.26010397 0.5863816 0.14721487
956 0.69188327 -0.25090405 -0.48699206 -0.18523625 0.27011082 0.3248823 -0.05900226 -0.069865786
134 -0.168291 -0.7172901 -0.31134248 0.52718365 0.092852734 -0.07513401 -0.25889006 -0.03202387
1481 -0.22205777 0.5094466 0.06422449 -0.34631 -0.5048494 0.31740913 -0.011502322 0.45972323
558 -0.5498445 0.7155616 0.10753657 -0.22038507 0.035501737 -0.15886919 0.11214347 -0.29399472
872 -0.7879655 0.19634832 -0.059693035 0.23008066 -0.03895581 0.3867439 -0.1695804 0.32281798
304 0.6147846 -0.25160182 -0.57034504 -0.10859939 0.30350614 -0.027658576 -0.3115677 -0.17802714
889 0.4983888 -0.54402804 -0.42785743 -0.36025646 0.28395408 0.115674905 0.14920133 -0.16286065
1100 0.8282788 0.12884024 -0.17489526 -0.15069307 -0.024393003 0.3714769 -0.23617826 -0.22290684
693 -0.11363953 0.32413754 0.6511642 0.060383048 0.048958823 0.08240855 -0.63481355 -0.2053864
748 0.6037489 -0.49025032 -0.42519784 0.06588473 0.06137723 -0.2890991 0.2840964 -0.20482093
215 0.58393794 -0.24007657 -0.1963877 0.040828355 0.35795647 -0.24460107 0.30930537 -0.5267944
397 -0.52399 -0.57628345 -0.303349 0.30983844 -0.06688947 -0.09896374 0.37334692 -0.2272784
5 -0.37466145 -0.56220365 -0.20617029 -0.61471087 -0.03414086 -0.26952046 0.13842863 -0.17381239
1268 -0.61214906 0.30833372 -0.15648893 -0.3986454 0.45989785 0.11833749 -0.27813172 -0.20959456
1203 0.57264525 0.6326104 0.009995602 0.040428586 0.3905379 0.25504944 -0.12546845 -0.19192362
517 0.50248 0.8239291 -0.19022411 -0.17948042 0.011339656 -0.001522984 -0.00068305066 -0.011174462
592 -0.42146692 -0.55002564 -0.08707445 -0.4760025 0.3437212 -0.368517 0.17812334 -0.00012602072
100 0.53948015 -0.68521845 0.12066386 0.34501693 0.12748216 -0.26924822 0.12147785 -0.04834338
1164 0.77465886 0.3710003 0.42739007 -0.002041269 0.035265166 -0.22865501 0.16014983 0.020524088
419 -0.46826625 0.5927571 0.5303989 -0.19211623 0.13243608 -0.03394212 0.2949229 -0.07391373
382 0.5050101 0.14269774 0.5652155 -0.6362993 0.011352764 -0.0015247446 -0.00068384025 -0.011187379
585 -0.40525073 -0.16881555 0.6036538 -0.6045742 -0.035356212 -0.11934346 0.077571586 0.23633686
1112 0.2715595 0.20401439 -0.45892578 -0.7900816 -0.06467411 -0.16663457 0.1295743 -0.03244016
294 0.4436961 -0.012974948 0.07192277 0.42470634 0.24260527 0.23514256 -0.6577521 0.26576325
843 -0.07045543 -0.40806425 -0.045693632 0.8908484 -0.11063001 0.10358861 0.004189309 0.09916466
1204 -0.41452095 -0.008722811 0.80084264 -0.43190697 0.010110901 -0.0013579548 -0.0006090359 -0.009963607
871 0.8579767 0.2687376 -0.32851157 -0.25257078 0.027851418 -0.1030698 0.08768501 0.029268937
970 0.29319146 0.45886353 -0.29320323 -0.64614224 0.19872802 0.026737303 -0.36198416 0.16963127
168 -0.05942316 -0.25356644 0.07285686 0.8505611 -0.086131476 0.42676196 -0.05361567 -0.104840964
1143 0.48608425 0.5538577 -0.20702143 0.2186957 0.12761512 0.50588596 -0.029013216 -0.3053358
41 0.099343166 -0.64329886 -0.5480777 -0.0103618 0.35183275 -0.0548361 0.15520649 -0.35343835
1021 0.2847762 0.022372551 0.05989242 -0.892618 0.21714519 -0.008186952 -0.02485765 -0.26497328
1182 -0.5294385 -0.0941379 0.3432993 0.09422655 0.25389075 0.41080907 -0.5287278 0.267062
405 -0.19070877 -0.15493046 0.31908274 0.8957474 0.10028254 -0.063950025 0.14222248 -0.0328057
321 -0.14684647 -0.25410762 -0.7434606 -0.5947644 -0.07160242 -0.028110318 0.024274305 0.02967414
1133 -0.7183195 -0.3683177 -0.36521834 -0.34691086 -0.019287467 -0.27361274 -0.01632449 0.13829347
961 0.37056196 -0.366399 -0.13048731 0.20663339 -0.5076477 -0.2061671 -0.030101003 0.60629547
1226 0.3135562 -0.07238101 -0.34903318 -0.8667171 0.06813985 -0.053589564 0.09934637 0.07769234
314 -0.40856746 0.47726393 0.30013484 -0.5695504 0.22639522 -0.32756218 -0.16122998 0.07922181
705 0.6747202 0.58398855 0.24183792 -0.37815186 0.033418786 -0.004488344 -0.0020129995 -0.032931946
1305 0.24293716 -0.48146412 -0.045815714 0.20295866 -0.45810822 -0.073191404 -0.4744921 0.4748891
1281 0.62391925 -0.32574278 -0.1853388 0.37195668 0.027569212 -0.020853445 -0.55155975 -0.16279116
738 -0.6705823 -0.10637704 -0.28584644 0.33681053 0.12872534 0.27515534 -0.49940896 0.046517562
582 0.5007816 0.68838435 0.37449303 0.29502842 0.060745407 -0.118989676 -0.048715137 0.16684176
833 -0.008689998 -0.24024606 -0.7782156 -0.42417464 0.31050605 -0.14611794 0.17101076 -0.09825241
288 0.69520247 -0.030921405 -0.1278422 0.29824454 0.27330485 -0.3056947 0.23822396 -0.43075344
308 -0.10731771 0.6713165 -0.23611467 0.41677997 -0.22375844 -0.4737655 0.06855404 0.17070484
540 -0.17191504 -0.24892454 0.47527388 -0.3894724 0.30697963 0.111062564 -0.65042144 -0.035893828
796 0.30680072 0.31388167 0.74638486 0.49799305 0.033707783 -0.004527158 -0.0020304075 -0.033216733
965 -0.17929506 -0.50776774 -0.24084476 0.7413884 0.059880875 0.029620016 -0.31288782 0.0006825887
766 0.41496822 -0.048684 0.43199822 0.77608234 0.15250029 0.09687812 0.06166601 -0.0077851154
125 -0.5554215 0.3784599 -0.22512169 0.18451165 0.18181849 -0.093316145 -0.41837934 0.49673286
1258 -0.30960464 -0.23469147 -0.66098285 -0.57682985 -0.06778134 0.2564036 0.03536446 0.088578716
163 -0.62799406 -0.19855908 0.69817656 -0.097009055 -0.070256546 0.113782324 0.19397078 0.11759807
1474 0.006979212 -0.24565943 0.29120955 0.8384889 -0.28384995 -0.19829981 0.17405044 0.03935854
832 -0.112446785 0.40748703 -0.03057301 0.7550448 -0.26205093 -0.021368833 0.42555255 0.0077684633
1265 -0.6021232 0.50066465 -0.055674646 -0.426874 0.2011617 0.019083565 0.2931597 0.27329195
901 0.6122696 0.4757106 -0.45550075 0.068769306 0.13264799 0.21300851 -0.11472202 -0.33239418
486 0.7802373 0.16091618 -0.44361857 -0.15406203 0.08388707 -0.25160208 0.19044618 -0.19542933
838 0.1541341 0.5135382 0.7346112 0.41462505 0.021874148 -0.0029378296 -0.0013176018 -0.021555489
803 0.21842733 0.12428524 0.09680207 -0.72479117 -0.27118102 -0.27189648 -0.23478866 0.44671834
744 0.7594723 0.008468076 -0.080472246 -0.20306304 -0.36100677 -0.085171916 -0.043199334 0.48577094
1379 0.7376754 -0.1725217 0.39986995 0.50530976 0.06602516 0.0432499 0.030742781 0.06051714
861 -0.20634124 0.3091495 0.5090548 0.46777442 -0.25273594 -0.09191765 0.26981652 0.48864603
87 -0.11466735 0.2620262 0.01967709 0.35713154 -0.57242244 0.49799347 0.4616537 0.038395997
1146 -0.59193176 0.20657821 -0.6124227 -0.21446238 -0.18407781 -0.082293235 -0.30714813 0.22558759
1177 0.5606921 -0.39059034 0.19661509 -0.5083518 -0.27351627 -0.15588614 -0.17869149 0.32394794
623 0.12408224 0.20309521 -0.19719158 0.4743368 0.42098564 -0.095656626 -0.29925114 -0.6352524
447 0.39225575 -0.5824447 -0.4674028 -0.20355597 -0.0696359 0.060215972 -0.45908314 -0.1666154
1079 -0.27361095 0.8309084 0.379105 0.21270995 0.16019693 -0.12801611 -0.0045312974 0.06074941
1095 -0.12621595 0.78608197 0.40203038 0.23191111 -0.05105315 0.34810874 -0.13723624 0.09007543
22 0.14616054 -0.6408667 -0.53785586 0.35673702 0.09098657 -0.20445494 -0.23318942 0.21660818
1008 0.4188572 0.44759172 0.31913364 0.52599764 0.20592803 0.040926665 0.008775737 -0.44893458
127 0.48361257 0.24125004 -0.12879494 -0.77379495 0.19762787 0.054617465 -0.06475584 -0.21526118
1327 0.048337083 0.73593736 -0.094905384 -0.53735554 0.30717978 0.09632322 -0.23216128 -0.027665155
1303 0.46632677 -0.46026322 -0.35850266 0.26649797 -0.37819773 -0.15359457 -0.022425257 0.45169032
1027 -0.15126209 -0.59193313 0.52256846 0.14490603 -0.29581335 -0.027829597 0.40942046 0.27704582
1034 -0.38003117 -0.457948 -0.5109292 -0.5439051 0.19406456 -0.18057472 0.013508652 -0.13611634
16 -0.022055494 0.19793706 0.06401518 0.22938885 0.14324461 0.21994804 -0.8954619 0.1812978
105 -0.47484842 0.33282995 0.53896624 0.27351123 0.26099944 -0.29792285 0.3085984 -0.21526405
1069 -0.8153264 -0.11229513 -0.064480305 0.22872175 -0.21141687 -0.33836836 0.12558238 -0.30199367
583 -0.19934219 -0.31010592 0.85559785 -0.34704062 0.054709654 0.053861905 0.0028777802 -0.07556125
855 -0.18463327 -0.782533 -0.13957857 -0.4974331 -0.10805136 -0.14426094 0.17518386 0.15315022
683 0.28347766 -0.21924245 0.05258162 0.857681 -0.28046486 -0.20913507 0.084279016 -0.06075173
1102 0.0029241757 -0.46484122 0.20854983 0.33718547 0.089788236 0.052464865 0.7422356 -0.25494865
580 0.019240366 0.028872997 -0.46048406 0.2859407 0.5557626 0.018309005 -0.07932466 -0.62409043
354 -0.71310484 0.35633808 0.45534799 -0.37147224 0.0958135 0.08407089 -0.054027807 -0.0020302439
102 0.31844044 -0.645694 0.513822 -0.07725497 0.016749436 -0.1038401 0.40102664 -0.19951944
107 0.52337164 0.07882126 -0.613568 -0.5265664 0.04316925 0.090762265 -0.2087797 -0.11153954
1270 -0.39088857 0.5161539 0.2880809 -0.25139132 0.001018563 -0.31401896 0.21948366 -0.5364896
233 -0.5906295 0.49900368 0.4252544 0.15001538 0.39148995 0.067132875 -0.2021229 0.013462174
1071 0.10457195 0.17338173 0.8214086 0.18711635 0.28455383 -0.070063695 -0.17886779 -0.36249867
96 0.6344827 0.008045237 -0.2607938 0.40078688 0.14715338 -0.38050848 0.311423 -0.3244972
303 0.04717782 0.60923576 0.093203336 -0.13489808 -0.509788 0.08529435 -0.271345 0.5088562
612 -0.40985203 0.4848619 0.63972473 -0.18771066 -0.18679635 -0.16679014 0.039231546 0.29697856
908 -0.35420457 0.18687049 0.7063638 0.5815778 0.034962766 -0.00469571 -0.002106002 -0.034453433
240 0.52548707 -0.37286472 -0.5257645 -0.5552707 0.006394715 -0.0008588487 -0.0003851893 -0.006301558
1053 -0.49526015 0.7214857 0.3715864 0.059317105 -0.08723847 -0.048797973 0.28267664 0.051795576
566 -0.5730662 -0.44956696 0.048566777 0.53420013 -0.28900892 -0.1769908 0.023173468 -0.25761834
359 -0.10535978 -0.53591806 -0.44360346 0.04915368 0.36517105 -0.07319387 -0.0626978 -0.5998772
1381 0.24215695 -0.17039756 -0.6585279 -0.6688769 -0.031076357 -0.080169044 -0.02652978 0.1522258
1005 0.27510944 -0.062268652 0.7029883 -0.6527794 0.007887751 -0.0010593724 -0.00047512318 -0.0077728434
554 -0.8221003 -0.46955135 -0.071824245 0.20304288 0.1045727 -0.16744246 -0.12264308 -0.057217445
276 -0.6215822 -0.09111997 0.05584008 -0.33613968 -0.5748124 -0.3048856 0.2519203 0.048951868
603 0.29179758 -0.37047273 -0.56884825 -0.6237596 0.0025267005 0.061744783 -0.24057811 0.056948468
120 0.48716974 0.2161047 0.5666229 0.52063245 0.13176385 -0.31169054 0.087633416 0.040649954
1231 -0.0015076984 -0.20130993 0.7171725 -0.053156145 -0.32621324 -0.42358682 0.054314252 0.39181507
262 0.08963104 -0.2727729 -0.25803065 -0.6375325 0.55518425 0.06304138 0.12545982 -0.3414524
82 -0.44460455 0.5195081 -0.14424081 -0.35435227 0.29937842 -0.12227723 -0.5019877 0.17174466
657 0.16098109 0.18069333 -0.1666048 -0.045199815 -0.48009193 0.8201419 -0.033541564 -0.085957445
1178 0.63074714 0.020447956 0.59329504 0.1864325 -0.2126351 -0.17462303 0.12865232 0.3503221
1289 0.10745384 0.28092167 0.94568926 0.03568659 0.0056294478 0.10666766 0.04710427 -0.017507149
1200 -0.29350236 0.17328219 0.7202998 -0.593945 0.030993303 0.09843204 -0.016898163 0.035946548
797 0.0896029 -0.33879656 0.380933 0.42747083 -0.06350121 0.20030853 0.495237 -0.5098345
25 0.28948835 0.062099893 -0.7348098 -0.56623644 -0.084517375 -0.0014433971 0.20497113 -0.051112596
862 0.74923915 -0.36552843 -0.38567704 0.22454287 0.14328192 -0.2236726 0.06355335 0.17682001
251 -0.006755283 0.41685337 0.30939865 0.485337 -0.31643137 -0.44860226 0.2540389 0.35916513
932 0.19244647 -0.7144843 -0.47016424 -0.28153265 -0.2397699 -0.13909255 0.2468288 0.120003104
695 0.015909694 0.081612006 0.9580291 -0.27395225 0.010431599 -0.0014010265 -0.00062835333 -0.010279633
1345 -0.08690228 0.12704544 0.1842666 -0.9512491 0.063436426 0.023646383 -0.13366769 -0.12258888
1051 0.38100192 0.15475811 0.23952687 -0.8794701 0.004832337 -0.0006490119 -0.00029107858 -0.0047619403
621 -0.08232882 -0.64405257 -0.67975587 0.18522406 0.00011720352 -0.23065865 -0.14210309 -0.092981294
1084 0.74844176 -0.28066644 -0.07110053 0.08159346 -0.21866769 -0.19526349 -0.42795748 0.28329766
1291 0.5516858 -0.23044698 -0.5693427 -0.5189026 -0.11069825 0.16347542 0.0065532536 0.10052116
839 -0.9264389 0.2720879 0.0835309 0.11443326 0.039675236 0.18906218 -0.0016053615 0.10141702
174 0.81134427 -0.19549416 -0.4309656 -0.0754894 -0.070068195 0.11865986 0.27232864 -0.13754895
1338 -0.4130534 -0.16616286 -0.27667972 -0.07775306 -0.423247 -0.43364197 0.5303133 0.26601487
1011 -0.45249686 0.5348344 0.3722114 0.41734096 0.22361618 0.20281442 -0.16811815 -0.27763695
145 0.6536189 -0.10914295 -0.4758378 -0.4023758 0.18627769 -0.1504902 -0.3038673 -0.15119636
344 -0.38537186 0.2439821 0.86343217 -0.14846611 -0.03283882 -0.069939114 -0.121820465 0.05994883
730 0.49451306 0.021382913 -0.51561505 -0.19742844 0.31213212 0.2735485 -0.5097435 -0.13442034
828 -0.6908469 0.10058426 0.11677049 0.5235734 -0.1050707 -0.15881215 0.2419599 0.360615
1162 0.558752 -0.3059302 -0.45722044 0.014965258 -0.12398146 -0.30927005 -0.23929219 0.4654552
1333 0.51843494 0.15453142 -0.37396228 0.35609242 0.5341586 -0.108487785 -0.08263273 0.36982775
388 -0.119175605 -0.62107474 -0.5099645 -0.47327194 0.09753053 0.060601562 -0.2513443 0.19913475
793 -0.71894467 0.070079796 0.09060935 0.40802252 -0.36713564 -0.3754242 0.12541796 -0.10978805
53 0.46501172 -0.32932165 0.18050416 0.027023654 -0.4975055 -0.096406326 -0.11822318 0.6092755
1050 0.18307872 0.3759049 0.38076445 0.45615986 0.41916475 -0.25937697 0.051042613 -0.47595534
484 -0.6913592 -0.26541206 -0.41581136 -0.4074497 0.19395591 -0.16549973 0.15539561 -0.15332244
122 0.13402791 -0.10268738 -0.2640439 -0.1730284 0.25486594 0.80837286 -0.14470649 -0.363965
808 0.19318554 -0.14310433 0.09910974 0.22019884 0.7929302 -0.041067753 -0.22183816 -0.45194364
535 0.5102702 0.21142088 0.7029601 -0.29704973 -0.09686347 0.24134205 0.19915338 -0.07241363
1043 0.3044808 0.20714577 -0.04002314 0.42513838 0.5938785 -0.3637371 0.14382794 -0.4199462
1214 -0.21042153 -0.016861036 0.8482658 0.48427787 0.026108917 -0.0035065846 -0.0015726855 -0.025728567
496 -0.03854513 0.35772932 0.37577286 -0.41258553 0.1643118 0.23909546 -0.62379205 -0.29296824
389 0.5811564 0.19463797 0.13847117 -0.4164849 0.4143841 -0.100496694 -0.120989434 -0.48506412
980 -0.3020884 0.115961805 0.4495506 0.6607356 0.3856426 -0.25210446 -0.19209465 -0.08631798
1224 0.5507506 -0.40021977 -0.12819073 0.47515616 -0.26227015 -0.2881742 0.10904096 0.3613471
658 -0.55364823 0.2562309 0.6502693 -0.4469444 0.031507295 -0.0610388 -0.011939618 0.018677842
1003 0.026347468 -0.43620962 -0.19710715 0.59541494 -0.3667162 -0.06807511 0.5255337 0.018873004
868 0.88655597 0.1597158 -0.22697666 -0.21362807 0.0012062726 0.12865886 -0.27341485 -0.0066053034
634 0.5595743 0.25499138 -0.24768841 0.33354086 0.15265004 -0.26775667 0.4088868 -0.4325192
1260 0.71960574 0.428018 0.2241509 -0.49833134 0.013995995 -0.0018797463 -0.00084305677 -0.013792104
934 0.7362511 -0.18787816 -0.41101092 -0.5035236 0.009237822 -0.001240695 -0.0005564455 -0.009103247
59 -0.685666 0.29565534 0.01656049 -0.3240151 -0.038906 0.34757602 -0.3014485 0.3521305
451 0.2589833 0.36362022 -0.1906655 -0.87420756 0.007621338 -0.0010235915 -0.00045907564 -0.0075103114
1354 -0.099496305 -0.7513108 -0.48919684 -0.16437262 0.052893236 -0.14867325 0.29356304 -0.21959062
211 -0.7076829 -0.013846993 -0.16165611 0.3595585 -0.13692667 0.080458805 0.564037 0.0147543475
1010 -0.13863657 0.13541642 -0.00091671856 0.4577113 0.5038349 0.4642725 -0.5252733 -0.08735638
964 0.7916505 -0.31456688 0.10638051 0.22438738 0.02261971 -0.19593042 -0.01623153 0.41654164
569 -0.42810214 -0.49374923 -0.27846435 0.23877922 -0.091460675 -0.42074713 0.40053678 0.30423585
465 0.15633099 0.311867 -0.63719183 -0.6633582 0.020473411 0.03416425 -0.16957009 0.043609206
488 -0.4021772 -0.07364585 0.13071734 -0.3515418 -0.38005528 -0.4165553 -0.031662345 0.61089957
453 0.3224067 -0.13571274 0.6663555 0.6394018 -0.095206715 0.108887516 -0.016205791 0.05990137
248 0.19130024 0.27524248 0.003124372 0.6640185 0.0046623955 -0.1968319 0.45254642 0.45072448
1441 0.61938316 0.39213857 -0.6505442 0.13379106 -0.065757416 -0.129781 0.003320483 0.01748759
1124 -0.7076033 0.35742694 -0.13108268 -0.36899343 0.06152828 -0.44989207 0.09085899 -0.061324693
1135 0.050495476 0.48637882 0.23404373 -0.22934677 0.26879948 0.10885435 -0.53062654 -0.5365093
1370 0.5186793 -0.5331953 0.6106875 -0.27107477 0.011282228 -0.001515271 -0.00067959144 -0.01111787
1408 0.8110115 -0.4619233 -0.28762427 -0.093392566 -0.039393656 -0.1669421 -0.07475674 0.04926728
1236 0.37318707 0.24221651 -0.063431896 -0.8930492 0.015877303 -0.0021324174 -0.0009563784 -0.015646005
763 0.22944249 -0.3894424 -0.47784683 -0.63755447 -0.26486486 0.13908727 -0.08370283 -0.2537176
414 -0.08169776 -0.904514 0.07393573 -0.21591541 -0.25077567 -0.024583304 -0.05645655 0.23751566
1029 -0.45725852 -0.37867427 -0.52938145 -0.5733424 0.14384577 0.022472586 -0.076520965 -0.107248485
986 0.45013303 0.12998915 -0.293477 0.7857795 -0.06474315 -0.24706107 0.10708422 0.014382047
208 0.51816016 -0.09885119 -0.3122718 0.24319467 0.26398918 0.42157102 -0.54539084 0.14218885
283 -0.4797524 0.65476644 -0.41863874 -0.4056285 0.025789697 -0.0034637114 -0.0015534571 -0.025413996
1120 0.512816 -0.15428959 -0.3416441 -0.7720516 0.01468954 -0.0019728935 -0.0008848328 -0.014475545
555 0.5636576 -0.4268002 -0.23724166 -0.6151964 -0.2067025 0.06942304 0.07806357 0.1083612
343 0.28712246 -0.22782655 0.051400628 0.35982662 -0.44117048 -0.035118155 -0.28143436 0.6771031
1424 0.0862965 -0.5574928 -0.17291625 -0.31435496 -0.40039715 0.3355365 -0.21360067 0.48426002
1024 0.41645274 0.035529222 0.8094364 0.4122042 0.010146139 -0.0013626876 -0.0006111585 -0.009998332
853 -0.69153297 0.54393846 -0.016283957 0.3527344 0.25329703 0.039256167 -0.10701727 -0.15515484
1244 -0.24919944 -0.5596972 -0.18697505 -0.534791 0.2544445 -0.19898786 -0.39728105 0.20373301
38 0.15550503 -0.009122046 0.36253783 0.16012922 -0.33264005 -0.3184646 -0.2175914 0.74782664
1252 -0.20481004 -0.44209006 -0.42853045 -0.18856674 -0.49839294 -0.32571086 -0.13027455 0.41467908
101 0.32016572 0.19265063 -0.35253805 0.56696415 0.031099232 0.4117582 0.44901407 -0.2062095
601 -0.29769757 0.035727344 -0.24256516 0.6658192 0.18911083 0.006416333 -0.59392947 0.13924918
900 0.5585182 -0.43405873 0.4820885 0.5075602 0.06949366 -0.009333417 -0.0041859904 -0.06848129
167 0.22172678 -0.36846313 0.41183662 0.1533482 -0.19498932 0.082413405 -0.6494623 0.3941232
1087 0.102768995 -0.58436286 0.3509728 0.66103274 -0.27101746 0.037445985 0.054030403 0.10020087
682 0.34753162 0.10973642 0.07700321 0.54307437 -0.13639763 0.23754096 -0.6471351 0.26927057
142 0.41675207 -0.4602401 -0.53011274 -0.36747605 0.29101723 -0.03830897 -0.144189 -0.3024723
1101 0.32325143 0.30678573 0.34721905 0.15048833 -0.40786517 -0.42382064 0.5411456 -0.13916427
1180 -0.30238712 -0.053281665 0.58155924 -0.6287303 -0.06411999 0.15042813 -0.34858555 0.15478477
1062 -0.7439306 0.33943972 0.02143803 -0.107193835 0.21070501 0.36635458 -0.36672738 0.0793517
365 0.37828985 0.3024538 -0.33959228 -0.8062613 0.0043854862 -0.0005889972 -0.00026416229 -0.0043215994
370 -0.40553865 0.7162526 0.34779194 -0.10813986 -0.19545302 -0.11604796 -0.2714647 0.25397825
152 0.1589047 0.32153976 0.6944253 -0.623495 0.013968889 -0.0018761058 -0.000841424 -0.013765392
1234 -0.44631958 0.1925972 0.1798506 0.15165296 -0.45690012 -0.02307649 0.6507624 0.2749152
477 0.8235841 -0.5399654 -0.07690176 -0.085350506 -0.020872874 -0.092703395 0.04083174 0.07906534
1044 0.14556308 0.1859145 0.5076892 0.29409048 0.42798683 -0.1311815 0.61925584 -0.1270849
643 0.08740004 0.685342 -0.38354897 0.13318798 0.29168007 -0.015823144 0.19065976 -0.48594207
407 -0.25596625 -0.2665464 -0.24377365 0.010577171 0.5867985 -0.2740639 0.0054512187 -0.6200191
1184 0.52103496 -0.3142765 -0.545633 -0.23688368 -0.26061773 -0.08601474 0.22653583 0.38637406
454 0.29992872 -0.052690428 -0.039446864 0.17057927 0.7598693 -0.1979332 0.144802 -0.48894432
687 -0.17900997 0.19196847 0.8764756 0.00995881 0.3590331 0.07793959 -0.14465682 0.08300655
238 -0.2916552 -0.6400564 -0.13568449 -0.41675377 0.11162303 -0.511441 0.16975325 -0.10160339
489 -0.18789588 -0.22903152 -0.070502765 -0.34407052 0.41212034 -0.691116 0.36130583 -0.104202524
910 0.3457809 -0.39402932 -0.31656724 0.45216832 -0.1788755 0.35042328 -0.113353014 0.5028555
764 0.663584 -0.067628704 -0.07394133 -0.681573 -0.046753608 0.20442833 -0.14732064 0.13926004
1277 0.059643246 0.08786298 -0.44652513 0.28926343 -0.21858606 0.7370505 -0.33780295 -0.023033956
944 0.11957326 0.5366001 0.061733235 0.22066663 -0.2049749 -0.4992179 0.48941115 -0.33838052
1393 -0.46740457 0.19327684 0.5920212 -0.2713708 0.362206 -0.1637793 -0.079347685 -0.39462999
201 -0.0520958 0.80208176 -0.1640272 0.096332125 -0.23337573 -0.2733867 0.40179965 -0.164677
577 -0.107423976 0.36095712 0.6674717 -0.18607353 0.4276394 -0.29460174 -0.15789893 -0.28884342
434 -0.17391782 0.11065876 -0.24946083 -0.86399287 -0.22165509 0.19905955 -0.06447915 0.236389
1232 0.71823347 -0.06699375 0.50996035 -0.021831423 0.20192173 0.35927528 -0.114888266 -0.18991028
1221 -0.16853173 0.61617494 0.1544938 -0.18157054 0.24779025 -0.1894331 0.158119 -0.6424974
923 -0.1514424 0.5761761 0.14367302 -0.30262634 -0.45837334 0.33156553 -0.44870147 0.10717718
846 -0.10413747 -0.025655499 -0.3023605 0.48560855 -0.5131574 0.31134552 0.13641909 0.53139734
1428 0.103664234 0.37872764 0.78654146 -0.4581968 0.039716065 -0.011477249 -0.09380163 0.08197219
263 -0.76685935 -0.117002666 -0.22649027 -0.35721287 -0.15626584 0.19436951 -0.35893497 0.16824183
1282 0.48268536 -0.2048161 -0.23627028 -0.31910148 -0.28754076 -0.33248606 -0.6005625 0.11624914
575 -0.059515752 -0.41465658 -0.34294572 0.5771931 0.14819477 0.12603734 -0.55671334 -0.16117454
1285 -0.6603948 -0.27380255 0.17588322 -0.098547846 0.41588753 -0.10872937 0.025426034 -0.51267266
492 -0.004370161 0.18244366 -0.33737168 0.73845106 0.09171176 0.254803 -0.46829534 0.12218612
500 -0.28829095 0.74056214 0.25591564 -0.55029047 0.00848706 -0.0011398632 -0.00051122287 -0.008363422
837 -0.50100553 0.46740636 -0.10523601 0.3279524 0.35374793 -0.45214823 -0.26327127 0.114060625
1058 -0.05835841 0.5960942 0.083321035 0.65143406 0.21591128 0.04161805 0.32473233 -0.23697352
1276 -0.4093983 0.010024897 -0.35786775 -0.79790837 0.14887296 0.047885012 0.036458526 0.2044015
696 0.023291467 -0.13271594 0.102826856 0.19731441 -0.025068825 0.49666825 -0.7089861 0.4270463
1123 0.5871225 0.019985393 0.1866563 0.20383275 0.44063422 -0.31605625 0.41489124 -0.33513346
686 -0.3226599 0.40600798 0.5650259 -0.48572308 -0.25689644 -0.2565902 0.027349789 0.20804961
865 0.37636238 -0.6534967 0.5035665 -0.3452897 -0.19319583 -0.07997051 0.06692404 0.10144194
681 0.5345934 -0.33231264 0.5270132 -0.1273507 -0.42734087 0.34970677 -0.055244725 0.04301292
57 0.07986058 0.579697 0.4294856 -0.62397236 -0.09588811 -0.058297224 -0.24118224 0.11407198
18 0.26459354 0.28103045 -0.3112238 -0.45835 -0.055279166 0.688123 -0.14100966 -0.21820763
749 -0.5620567 -0.38130522 0.34064075 0.38546404 -0.09828111 -0.0099329455 -0.4390131 0.2675626
429 -0.09213422 -0.18896851 0.3029927 0.7777441 -0.1935943 0.23377159 0.20324785 0.3545054
322 0.28665677 -0.719076 0.39283293 0.47047663 -0.02040483 -0.067955345 0.053923983 0.13095641
1086 0.7277575 0.23290372 0.4522395 0.39019063 0.010772753 -0.036108248 0.23712645 -0.041312836
1220 0.15859707 -0.55499923 0.40432474 -0.21807449 -0.09305544 0.46239245 -0.39478174 0.2783327
66 -0.07931555 0.52695894 -0.25154302 0.2165838 -0.04814765 0.22362427 0.35494402 -0.6538574
524 0.10491633 -0.2504052 -0.11760197 -0.7786741 0.32895255 0.119084075 -0.34774178 -0.25062126
1108 -0.7009516 -0.056659136 0.5740421 -0.2069496 0.052767504 0.35025173 0.06874054 0.05401969
1273 0.33679184 -0.6976529 -0.27591363 0.45069677 0.11367145 -0.16869949 0.09221003 0.26591814
1082 -0.096463464 -0.05757244 0.100281216 0.17892124 0.7945367 0.39021036 -0.09525573 -0.39074895
256 -0.30580947 -0.1635562 -0.24132818 -0.12778357 -0.8298015 0.3289832 -0.049480375 0.076896876
85 0.27203223 -0.30506408 -0.5776042 -0.2606861 0.086967245 0.43260783 -0.45574385 -0.17010337
1288 0.5451492 0.54764783 -0.4976673 -0.28092727 0.15831561 -0.0033255338 -0.16803287 0.15162934
28 -0.7055492 0.40594736 0.34815082 0.4137318 0.017440882 -0.13279669 0.16317374 -0.021428438
450 0.0071571497 0.72329956 0.08536458 -0.68502915 0.0108449785 -0.0014565459 -0.00065325346 -0.010686991
449 -0.34908834 -0.5982594 0.24239296 0.5120524 0.104323566 -0.059136953 0.42645937 0.054980494
218 -0.3826374 0.73388344 0.106352665 -0.39137676 -0.18741706 0.16323027 0.027712997 0.2966138
521 0.41373312 0.22916344 -0.035882894 0.11617784 0.36185798 0.70735747 -0.35775474 -0.047326814
138 -0.031994488 -0.11540738 -0.055438057 -0.9475213 0.18547888 -0.08234366 0.15816413 -0.13634036
1189 0.76225525 -0.3241457 -0.41394454 -0.24912722 0.0518174 0.029384913 -0.25273737 -0.114268914
877 0.33509403 0.1664408 -0.5851587 -0.62657213 0.24191606 0.14542697 -0.07499641 -0.19927187
1158 -0.44475344 0.2861184 -0.33363658 -0.5754127 -0.33192167 0.35065222 0.14288485 -0.15611678
378 -0.16399229 -0.5752107 0.57485217 0.50436866 -0.16992159 0.039285142 0.16243672 -0.024373563
403 0.47817573 0.20476383 0.54669327 -0.6359605 -0.14620456 0.02978018 -0.058651984 -0.019943766
916 0.14138998 0.81530994 0.20389606 -0.16895226 0.23940028 0.10841605 0.07464933 -0.41294202
1114 0.24676219 -0.70422786 0.16325235 -0.5505751 -0.22757475 -0.1311551 0.013299893 0.21028163
227 -0.27574247 0.90239763 0.018227011 -0.24485107 0.1253195 -0.102507465 -0.09985432 0.11478995
84 -0.4727349 0.11285722 0.13529943 0.3300986 -0.56133115 0.31179225 -0.2670788 0.3909933
1267 -0.0056982934 -0.79677093 -0.0037657903 0.43962052 -0.22167969 -0.25705358 0.21601982 -0.09980011
922 -0.3068571 0.5310578 0.14346413 -0.70625675 -0.01506418 -0.11465634 0.26487094 -0.1445897
831 0.6142287 0.2797384 -0.007993261 -0.7377461 0.008269928 -0.0011107011 -0.00049814384 -0.008149453
327 -0.657547 0.21040556 0.025670225 -0.053584438 0.18849984 -0.52212673 0.38511604 -0.25173095
559 0.6078939 -0.09234 -0.67116547 -0.16457039 0.1629099 0.03617082 -0.2596899 -0.22159621
776 -0.3632411 0.2801561 0.72085166 -0.14194824 0.2189963 -0.20581599 0.31592074 -0.2442673
317 0.0023897977 0.010829936 0.7528635 -0.48340005 -0.23937741 -0.0021823682 -0.11648911 0.35849932
80 0.009572449 0.65011215 -0.45538798 -0.5849381 0.04294858 0.13212444 -0.0031784058 0.09176141
737 0.027430598 0.3626063 0.81233245 -0.40871987 0.0935381 -0.032938927 0.13113734 0.117461056
780 -0.20938689 0.08872019 -0.41278133 -0.11656999 -0.6926757 0.44337863 0.24313205 0.16973965
807 0.17662342 -0.16227415 0.42399034 0.28297633 -0.114659816 0.39794764 -0.61011 0.372672
587 -0.5888689 0.64910775 0.43690598 -0.1919534 0.04568674 -0.0061360043 -0.002751967 -0.045021184
752 0.06378305 0.6125997 -0.16683291 -0.67748433 0.19768329 0.228183 -0.11796787 -0.1696241
858 -0.11308794 -0.1317283 0.11248066 -0.048553333 0.30519056 -0.52419406 0.22918312 -0.73102933
1175 0.17155273 -0.20757808 -0.40140575 -0.83835757 0.13323456 0.08947766 0.12817 -0.14603348
1138 0.4034526 -0.40929565 0.31649157 -0.42422262 0.5304547 -0.21918082 -0.11531549 -0.21645129
1126 0.6070333 0.039255146 -0.49448046 -0.42884675 0.3454073 -0.09452034 -0.19638933 -0.18638617
611 0.4293532 -0.042203423 -0.59978783 -0.61480033 0.23567528 0.065975904 0.011071723 0.12700988
1334 0.3248143 -0.23609842 -0.19160055 -0.12601963 -0.5811323 -0.17669594 -0.09882139 0.63832563
1243 -0.49369636 -0.6475699 0.2530388 -0.44893286 0.09264316 0.18508098 -0.113786675 -0.12474997
416 -0.5981683 -0.29203844 -0.38196597 -0.042498734 0.1866866 0.34283566 0.36998066 -0.34630942
1455 0.6035218 -0.56967986 -0.39936596 0.29938915 -0.15808003 -0.09360885 0.062031757 0.15652251
527 -0.028238429 -0.064507924 -0.18408939 -0.65669125 0.598086 -0.12669507 -0.03301351 -0.39377737
339 -0.1629376 -0.1591427 0.097380295 0.23138265 0.34207955 -0.5528093 0.64543116 -0.21425699
295 -0.37316582 -0.57691586 -0.14504537 0.599962 0.0862891 -0.101867236 -0.35734373 0.037489954
503 0.3253684 -0.21791866 -0.31263041 0.30840567 -0.49852198 -0.30616882 0.047576673 0.55611867
523 -0.39131066 -0.41889513 0.10703388 0.49753854 -0.15819849 -0.46676534 -0.41170767 -0.0013746687
791 -0.1319618 0.2943838 -0.09690676 -0.7187082 -0.1114137 -0.12050237 0.58411545 0.043209817
426 -0.17553872 0.5324619 0.5788621 -0.45168927 0.27651393 0.067454524 0.032431517 -0.25397676
58 0.4282243 0.30784506 -0.3658025 -0.5977758 0.28658497 -0.20986535 -0.32285666 -0.017238507
1109 0.6933186 -0.21668595 -0.18637247 -0.15742409 -0.114101246 -0.47114706 0.37230238 -0.19807011
510 -0.13294649 -0.7223227 -0.42697492 -0.2741583 0.13183436 0.19418003 -0.32438156 0.20687018
518 0.5524362 0.09311503 -0.20592546 -0.4703594 -0.067679085 -0.31391573 0.55276066 -0.11761279
1075 0.15208302 0.22067301 0.41218272 0.44979975 -0.3152987 0.44966316 0.4921301 0.11026094
774 0.35148427 -0.19056404 0.20071128 0.17159629 0.6228436 0.25390255 -0.43599123 -0.35766566
690 0.22934069 0.051466104 0.0971036 -0.96706086 0.007696627 -0.0010337033 -0.00046361075 -0.0075845043
773 0.7816227 -0.064235434 0.5832763 -0.04152544 -0.016577113 0.028809458 -0.15149002 -0.13765912
1155 0.29317746 -0.48545986 -0.37103292 -0.006124054 -0.5535404 -0.3553255 0.2502396 0.2130491
608 -0.13837685 -0.21587043 -0.62860304 0.14942585 0.30828783 0.40162593 -0.35783023 -0.3638606
1163 0.3174886 0.3814323 -0.55834407 -0.34005833 0.30715996 -0.25889438 0.18146329 -0.3633459
732 0.6916948 0.5649305 0.25827813 -0.25383767 -0.06616328 0.18467924 0.03533643 -0.17758912
1017 0.105286434 0.19462164 0.022551777 -0.4625008 0.6643971 -0.17535573 0.19067357 -0.4775898
473 -0.311055 0.18749887 0.80318314 -0.18948811 -0.22134475 -0.067824334 -0.2570976 0.25959015
1355 0.355371 -0.24254799 -0.52861 -0.5469456 0.18044549 0.09990736 -0.44005293 0.010735671
1238 -0.24706608 0.32817587 -0.3018609 -0.26568896 -0.49479696 0.6077354 -0.13381745 0.19358389
1269 -0.08670323 0.7838105 -0.39728394 -0.11948806 0.04740837 -0.4463892 0.063254744 -0.022352612
671 -0.6768254 -0.016027208 -0.079456136 -0.22815102 -0.38637367 0.085140675 -0.43084458 0.37566414
124 0.23176801 0.03552938 -0.33464673 -0.8409347 0.15761581 0.13973574 0.085961014 -0.27221957
427 -0.4738397 0.009090605 0.20698756 0.39073038 0.37140903 0.28062472 -0.50298166 -0.33195445
422 0.12949729 0.51122075 0.78483146 0.28156477 -0.0074580326 0.021296518 0.120732985 0.107512616
1530 -0.18991944 0.08097958 0.55077845 -0.69410765 -0.23365928 -0.15493105 -0.11618151 0.2830761
801 0.59128857 0.4392507 0.23441242 -0.63423353 0.010867406 -0.0014595579 -0.0006546044 -0.010709091
74 -0.30260423 -0.6374947 -0.15526764 0.2718426 -0.2380999 0.20500545 -0.50119007 0.23262511
928 0.45749408 -0.53776497 -0.6230463 -0.1557029 0.065056 0.06472216 0.13236159 -0.25127104
323 0.048256956 0.3387634 0.49642828 -0.641747 -0.25047573 -0.28892392 0.21627595 0.17787607
849 -0.16989663 0.17779224 0.59944797 -0.76159537 0.008956641 -0.0012029308 -0.0005395084 -0.008826163
1324 -0.58551234 -0.11076189 0.07692023 0.55418795 -0.24557257 0.070626184 0.5133598 -0.055080257
1218 -0.20066299 0.11308663 0.4973797 -0.815131 -0.088266134 -0.1353103 -0.053473182 0.07849521
727 0.29639146 -0.57070845 -0.1444808 -0.51902974 -0.36000252 -0.045598723 -0.028147196 0.40460354
286 -0.33349398 -0.4867612 -0.6770342 0.16244817 0.07374763 -0.17697456 0.15217754 0.32735896
989 -0.51764953 -0.2771904 0.036225572 -0.52434826 0.27129003 -0.4883903 0.06672822 -0.2497499
1348 0.03877355 -0.38844043 0.5800962 -0.40641198 0.14560069 -0.45922092 0.33679882 0.02028574
1042 -0.20693858 -0.13042283 -0.18711758 -0.16169845 0.4664544 -0.5287714 0.24793945 -0.56599796
878 0.26621956 0.14835593 0.78703594 -0.53628075 0.006904373 -0.00092729885 -0.00041588885 -0.0068037915
1311 -0.21125275 -0.46485692 -0.34854296 0.37630564 0.4216881 0.30349654 -0.22489941 -0.3945648
675 -0.11584746 -0.041019928 0.4485766 -0.49505708 -0.33116856 0.34472427 -0.022236478 0.55641025
121 0.65084857 0.2422625 0.010119697 -0.6927577 -0.09866732 0.12250152 0.07684068 0.08392419
869 0.15157701 -0.43426374 0.72668 0.50873667 0.028001586 -0.0037607816 -0.0016866915 -0.027593665
883 0.2850103 0.33683813 -0.5440004 0.023744944 0.21822837 -0.4909851 0.36194912 -0.29851592
75 -0.97401917 0.06385143 0.105018996 0.021496803 0.028541395 -0.09027979 -0.057472028 -0.15313573
629 -0.065364815 -0.5873368 0.0072404146 -0.76991314 -0.0369355 -0.20491795 0.1130089 0.042635348
1078 -0.03757176 -0.27010885 -0.6316369 -0.582994 0.09294653 -0.33044583 0.21601683 -0.14928335
578 0.7016951 -0.03916306 0.43225175 -0.38147953 -0.15593459 -0.32696447 0.1638623 0.12509932
1026 -0.18287213 0.89037687 0.2828123 -0.22646484 0.11338903 0.1195617 -0.09329142 -0.08162338
1264 -0.13033776 0.57244813 0.12623219 -0.52105844 -0.10547489 -0.17317565 -0.2812902 0.4976342
841 -0.29316399 0.2289353 0.6501136 -0.49740705 0.13223462 -0.05946109 0.3958371 -0.11778612
1239 0.1447397 0.24714579 -0.09350269 -0.95348 0.0071698185 -0.00096294977 -0.0004318781 -0.0070653697
239 -0.57451797 0.17395473 -0.04594538 0.6249251 0.16303463 0.1769787 -0.43380764 -0.03058919
1172 0.23340689 0.06333797 -0.70846885 -0.12938641 0.33861086 -0.33263588 -0.18427058 -0.40445128
1353 -0.20445377 -0.41628954 -0.108592086 -0.6112322 -0.5245369 0.21682452 0.20582666 0.18705122
236 0.030726718 -0.50558525 -0.36139172 -0.3207842 0.32908383 -0.08860724 0.29434085 -0.5542101
78 -0.7186122 0.05177396 -0.30149758 0.283955 0.219773 -0.052237287 -0.2895449 0.4177554
920 -0.520679 0.22765252 -0.21460292 0.33930996 0.19382979 0.5557167 -0.28085184 0.30102032
941 0.63280773 -0.632697 -0.3670905 0.10688656 -0.09359245 -0.15393001 -0.050000332 0.13459101
467 0.2730064 -0.031829543 -0.26125595 -0.7493132 -0.3930829 -0.08528849 0.34941122 -0.10417799
553 0.72284925 -0.10667241 0.6324792 -0.2567679 0.008683612 -0.0011662614 -0.0005230623 -0.008557111
203 -0.32192767 0.18727753 -0.004718076 0.07827526 0.5756471 -0.058406588 -0.05095416 -0.71955746
740 0.2613448 0.4499324 0.5019607 0.36226523 0.092524126 0.055899315 -0.5722475 -0.083104365
48 0.23695324 -0.28863335 -0.572418 -0.34419477 0.48167366 -0.30230013 0.050348412 -0.29745883
1266 0.7760978 0.5135585 0.106959075 -0.32255986 -0.099770665 -0.052316364 -0.045046836 -0.061028663
804 -0.17089057 0.6924732 -0.24217424 -0.44427463 -0.04991347 -0.21423142 -0.3984239 0.16769286
811 0.70437074 -0.40593958 -0.48458147 -0.15722863 -0.034221973 -0.18046795 -0.066221535 0.20349392
842 -0.48681945 -0.5872982 -0.35507995 0.38171896 -0.13869463 0.04977978 -0.3108743 0.16715093
99 -0.38206145 -0.17847982 0.29442057 -0.6722733 0.2551907 -0.16342804 0.003637911 -0.43782973
115 -0.44705644 0.5478138 -0.24677438 -0.63936925 0.16362093 -0.025655635 0.0013581098 0.05401896
1241 -0.19977461 0.49984866 0.4141489 0.38231784 0.03616799 -0.10167828 0.4434868 0.429218
564 0.7261675 -0.5437919 0.09691304 0.40796024 0.023995439 -0.0032227319 -0.001445379 -0.023645878
177 -0.31817147 0.4242662 0.5064842 0.14124052 0.61312723 -0.23430811 -0.083588414 -0.06691488
914 0.4596443 -0.464928 -0.68842274 -0.15215978 0.15794818 -0.18946907 0.033981178 -0.11614479
1432 -0.18659148 0.16183223 0.17173435 -0.11681619 -0.40828085 0.676992 -0.16993915 0.49189875
755 0.48621324 -0.6392287 -0.45059133 -0.22151296 -0.10064297 -0.19551347 0.10352203 0.20931225
1230 0.41221127 -0.17413044 -0.5947235 -0.5226865 0.30789527 0.14545281 0.13994695 -0.19318922
313 0.7311167 -0.110913955 -0.40517136 0.39875525 0.009508532 -0.06854274 0.26948 -0.22932248
68 0.8364777 -0.05801756 -0.107717566 -0.47823936 0.03746106 0.1830565 0.08007055 -0.12368778
51 0.009268698 0.39139536 0.7598523 0.34067827 0.1114599 0.11576764 0.29839462 0.19601448
999 0.068525404 -0.7752073 -0.41179278 0.14832573 -0.2855804 0.006248606 0.062307492 0.3425006
938 0.6027708 -0.5609904 -0.25891784 0.18216331 -0.39297077 0.25232762 0.059272025 -0.011255288
1073 0.79343945 0.06041276 0.4233427 0.20654184 0.27786815 -0.07570951 0.15265903 -0.1966679
289 0.5906289 0.107418925 0.3315956 -0.5680452 0.31547228 -0.14540547 -0.2420051 -0.1666001
1076 -0.31053662 0.052817762 0.07898579 -0.6324428 0.3759525 -0.29210785 -0.06021815 -0.5140634
1278 0.12631151 0.4914534 -0.31013912 -0.765594 0.13712469 0.028345311 -0.07355848 -0.1875657
217 0.25141227 0.059391063 -0.35545933 -0.8101856 -0.32526302 -0.15994936 0.052843254 0.12782928
204 0.63670075 0.0865636 -0.56251526 -0.46215189 -0.11084522 -0.008793102 0.20305197 0.059304103
375 0.43312678 -0.31473863 -0.6577804 -0.29277387 -0.1781006 0.33022436 0.011441546 -0.23248726
297 0.4692187 -0.3505304 0.3988137 0.61923134 0.040766235 -0.116197184 0.31483603 0.013304816
672 0.09355527 0.073547564 0.6914072 0.6674425 0.0277758 -0.048436604 0.24060865 0.03612066
76 -0.5034185 0.6210423 -0.2900728 -0.37768334 -0.026668433 -0.34338665 0.12346949 -0.014798261
1153 0.26870102 -0.5192558 0.016568158 -0.109081335 0.54507345 -0.3245215 0.2446431 -0.4286378
480 -0.24952446 -0.22516428 -0.104809165 -0.32688925 -0.21703985 -0.7920679 -0.14966604 0.2689227
955 -0.36431372 0.6919565 -0.061013736 -0.6192249 0.02563502 -0.0034429375 -0.00154414 -0.025261573
904 -0.021446845 -0.54070663 -0.72229314 -0.349508 0.13795233 -0.2004595 0.013825309 -0.06250667
1125 -0.122046515 -0.17666408 0.36485922 0.3898378 0.38979983 -0.27092135 0.32549837 -0.58095384
1211 -0.7945132 0.2903148 -0.040040288 -0.49872085 0.057828978 0.16587056 -0.057226554 -0.0028520795
1173 0.32605243 0.42718297 0.4894244 -0.662307 -0.07166308 -0.12316018 0.10819603 -0.031735964
726 -0.660726 -0.10028663 0.035283692 -0.17925254 0.50141495 -0.20611373 0.35214785 -0.31953004
1152 0.54499936 0.22825584 -0.59926677 -0.05004902 0.20901299 -0.29782858 0.22380644 -0.32675964
1283 0.07015045 0.40327922 0.7305176 -0.06992037 0.3211272 -0.09776212 -0.31537592 -0.28593323
613 0.15120053 -0.15467541 -0.06626827 -0.2671835 -0.34583676 0.7227087 -0.40520805 -0.26707852
479 -0.65702105 0.047804546 0.09009295 -0.40501 -0.16114348 0.21436094 -0.44403985 0.35326883
788 0.24392332 -0.43592247 -0.5011867 -0.39563838 0.3411315 0.27070633 -0.13539164 -0.3671125
700 -0.3582974 0.17427082 -0.46710175 0.16057342 -0.22107328 0.6631659 0.32335913 -0.063726254
79 0.63779086 0.45470646 0.129095 -0.607713 0.015585273 -0.002093196 -0.0009387878 -0.015358229
459 0.052467085 0.4607928 0.0885679 -0.8811444 0.018163726 -0.0024394977 -0.0010941024 -0.01789912
406 -0.32778296 0.57690513 0.50420797 -0.5525942 0.008759149 -0.0011764065 -0.00052761234 -0.008631548
1429 0.609285 -0.31462693 0.30461383 -0.2576706 -0.23681587 -0.4294981 0.32025343 -0.16578694
987 -0.4677832 -0.5306241 -0.105024345 0.4672355 -0.052305095 -0.493894 0.14843787 0.039708186
1061 -0.5411184 0.08086308 -0.068384014 0.019470388 0.29419324 0.48933005 -0.56259555 0.23041105
260 0.25366238 0.7255932 0.3373461 0.31703746 -0.14179413 0.08542327 0.376348 0.1606677
990 -0.12263385 0.06792027 0.92480296 -0.35341468 0.009643792 -0.0012952194 -0.00058089936 -0.009503303
633 -0.34003654 -0.028542675 -0.007247439 0.41771057 -0.30880448 0.06158948 -0.6232692 0.47054002
691 -0.4613488 0.53516465 0.5516915 -0.093052894 0.062381677 0.05599479 -0.2847753 -0.3156104
1031 0.60271496 0.07520021 0.38160428 0.55443525 -0.06523755 -0.18322003 0.26061076 -0.26891616
966 -0.6790584 0.010728944 0.50410426 0.12960872 0.27769974 -0.26494554 -0.26678124 -0.22216983
887 0.026669065 0.021701686 -0.47934648 -0.84674734 -0.09421782 -0.091172986 -0.10368076 0.15532075
836 -0.17187561 -0.5563807 -0.13517532 0.58528984 0.08729002 0.12368503 0.32743272 -0.41222912
1185 0.35336983 -0.4266082 -0.3503598 -0.14053853 0.078826696 -0.42841765 0.5880238 0.12290178
570 -0.5108028 -0.04951378 0.15349983 0.25525197 -0.29317552 0.61057025 -0.18076731 0.39558595
1272 0.44422007 0.06874069 0.30348492 0.49482793 0.17643492 0.05547336 -0.38066188 -0.5309194
772 -0.70388675 -0.0009803097 0.12514599 -0.06529077 0.26505408 -0.04144572 0.5770608 0.28221875
927 0.13981695 0.7063568 0.28321618 -0.2644084 -0.0077777947 -0.38471305 0.30691993 -0.2985356
151 0.11613455 0.5839201 0.60417503 -0.4332478 -0.015807467 -0.025807403 -0.0020684567 -0.30314815
689 -0.048239674 0.5855682 0.03889627 -0.80779386 0.019255808 -0.0025861708 -0.0011598846 -0.018975293
71 0.65424603 -0.26671934 -0.4589893 -0.2885756 0.2289704 -0.06595731 -0.3147984 -0.22583146
951 0.42913282 0.5734389 -0.5119489 -0.39741915 0.13054979 0.08863378 -0.07367898 -0.19144544
873 -0.39211142 -0.29615745 -0.55314994 0.08528501 -0.03730811 0.52349544 -0.21827605 0.34958133
924 0.5274185 -0.7292298 0.30291027 0.09008705 0.10020218 -0.13514344 0.24859186 -0.009013064
30 0.2200504 -0.36542037 -0.2410879 -0.67733526 0.33168507 -0.22383812 -0.07367044 -0.36823025
62 -0.43096873 0.8079587 -0.02748663 -0.17325184 -0.21511209 0.14305 -0.22297223 0.11934744
116 0.06348681 0.27749863 -0.43070802 0.20808512 0.6410416 0.11118804 -0.02572266 -0.5159424
206 0.19664839 0.8476678 0.012954783 0.37996724 0.09772814 0.24571376 -0.06090532 -0.15687644
1117 0.13880515 0.0932766 0.40699008 -0.026953444 -0.4556434 -0.10327253 -0.36446792 0.6742048
854 0.24562067 -0.13742466 -0.21579957 0.2808157 0.052142195 0.8534584 -0.059963625 -0.2462771
491 0.39097798 -0.2536801 -0.64288986 -0.4658374 0.3766275 -0.0013031686 0.07947121 -0.06561384
173 -0.15385677 0.55234426 -0.20207427 0.29752406 0.14908384 -0.1246203 -0.6781642 0.21030082
497 -0.054215025 0.35783133 0.22398268 -0.4757059 -0.09852124 -0.37122387 0.4161246 -0.5214211
92 0.3337224 0.30933136 0.76452875 -0.45624104 0.01192634 -0.0016017791 -0.00071838987 -0.011752599
978 -0.05284271 -0.08352831 0.13882916 -0.9187361 0.18357302 0.094654635 -0.15209588 -0.24716239
632 0.47403514 -0.24880369 0.1370427 0.00452233 -0.04914171 -0.44845238 0.694738 -0.091655985
371 0.18229297 0.6223142 -0.033940546 -0.7600485 0.01831484 -0.0024597934 -0.0011032049 -0.018048033
1006 0.39961556 0.08934374 0.804078 -0.04321152 -0.1904279 0.026611602 0.3833119 -0.00419438
1195 -0.24697551 0.18707332 -0.68977803 -0.48131257 0.24811698 0.204329 -0.2934972 0.08425083
703 0.1273142 0.30698496 0.23068811 -0.3029761 -0.46601287 0.53370106 0.15891437 0.46613443
594 0.30855322 0.4649702 -0.5028367 0.18537958 0.29682657 0.49809685 -0.16140278 -0.19781286
1046 0.25252193 -0.44923842 -0.77427125 -0.27645534 -0.14915805 -0.101592585 0.06493835 0.14733553
650 -0.51542276 -0.110106446 0.4238259 0.0008738382 -0.3130538 0.1487323 -0.2225643 0.6106782
921 -0.29278672 -0.075522356 0.102856204 -0.3952778 0.6631819 0.015252953 -0.35961828 -0.41518688
712 0.53049153 -0.46197736 -0.1737104 -0.11152835 -0.20366415 -0.377629 0.19897567 0.488741
636 0.102316014 0.23187947 0.6879555 -0.61368793 0.005474691 -0.020273196 -0.25531536 0.1422693
698 -0.3329535 0.7517577 0.26483 0.2700629 -0.223964 0.25366673 -0.033166338 0.25559083
809 -0.26517084 0.6737061 0.23122427 0.3682552 0.409743 -0.042396855 0.2979927 -0.16805169
1259 -0.1228723 0.2626045 0.025548719 -0.46236637 0.71315384 0.32593587 -0.28559265 -0.07155471
148 0.52265304 -0.5647581 -0.52803206 -0.17708588 -0.0043282206 0.15918863 -0.2653524 0.04396676
225 0.053954527 0.28667915 -0.4245214 0.19873989 0.6431539 0.10792429 -0.025974715 -0.518863
909 -0.5806927 0.65779173 0.3816498 -0.2141741 0.078235015 0.031337783 0.17740196 0.002181048
1325 0.20481026 0.0009951406 -0.69433004 -0.59670156 -0.290213 0.07351153 0.16161901 0.06447135
207 -0.29094484 -0.73266435 -0.1522918 -0.16769022 -0.14900845 -0.12657338 -0.47875947 0.24455303
1249 0.4540357 -0.672379 -0.1573401 0.50729847 -0.12876773 0.13771003 0.13514014 -0.07643556
1425 0.20365883 0.7356887 0.08114847 -0.32619232 -0.24124143 0.40941355 -0.2770676 0.041415
1308 -0.53186333 -0.6254475 -0.046301372 0.39139998 0.15139179 0.15056026 0.18674847 0.3002267
1150 -0.5182963 0.594446 -0.1314407 0.028128881 0.4494665 0.20453522 -0.249194 -0.23234159
1145 0.4991605 0.15606463 -0.43577734 -0.6513108 0.1561436 0.21721911 -0.19713527 0.044131972
719 0.25407165 0.3549221 0.23032464 -0.56782335 0.46150073 -0.19290937 0.2270934 -0.3636435
851 0.035470363 -0.68152887 -0.23900674 -0.1857331 -0.16066715 0.5721716 -0.15024664 0.25859374
786 -0.57610327 0.014164417 0.116236664 0.42533213 -0.16494593 -0.26361415 0.6116655 0.051494982
109 -0.15563709 -0.7437181 0.13514031 -0.08087127 -0.20278536 -0.3770129 0.41108784 -0.21354988
515 0.7977683 -0.2588717 0.3264719 -0.0231304 0.2731742 -0.14879651 -0.18736355 0.23992197
963 -0.01328244 -0.03718456 -0.17746305 -0.6741422 -0.09563719 0.24783538 -0.6039557 0.27775675
949 -0.62722856 -0.32779068 -0.32021904 0.1816552 0.27272862 -0.4172613 0.26498282 -0.21188428
548 -0.12625605 0.506385 0.5885195 0.2594587 -0.09129907 -0.22053131 -0.49720517 0.098877825
814 -0.15165457 0.061124332 0.46501186 0.617276 0.34259856 -0.054074634 0.43829277 -0.25219145
857 0.15694965 -0.27185303 0.08448261 0.5275091 0.26256865 -0.19222938 0.5363728 -0.47166643
431 -0.5071018 0.4659747 0.66817087 0.027164506 0.09931494 -0.20325622 0.07274244 0.14851603
1380 0.5160736 -0.2704681 -0.67888516 -0.12062669 0.28614226 -0.008818481 -0.06883213 -0.31366545
1198 0.36174557 0.16172302 0.33216426 0.6284865 -0.14713697 -0.36302307 0.37630388 0.20644069
1119 0.67484283 0.27840695 -0.58276117 -0.09207392 0.25942728 0.07543945 0.12685971 -0.17292053
995 -0.4829236 -0.3806502 0.56884277 0.2680011 -0.0205895 -0.25902724 0.3816017 -0.11551884
159 0.38329834 0.2501627 0.8126823 -0.05133221 0.18720722 0.2074209 0.1600855 -0.15400057
1215 0.80988413 0.4112384 -0.1721786 -0.2999697 0.10430242 0.08939393 -0.08118573 -0.1728642
616 0.086810455 -0.29474202 0.14890942 0.23882113 -0.33562472 0.70136815 -0.39324284 -0.25919208
1009 0.6143839 0.18645 0.6528393 -0.28518957 -0.04085778 -0.19676098 0.17186749 0.10155751
280 -0.016636584 -0.49707177 -0.53276503 -0.53691804 0.2200119 0.119857565 -0.3212761 0.12055615
1336 -0.65762794 -0.3524673 -0.23345283 0.083626375 -0.061832376 -0.29667306 0.38998863 -0.37130752
847 0.5792791 0.6327996 0.04168696 -0.3760241 -0.06534001 -0.011756728 0.33463115 0.0669535
954 -0.03388038 0.3920447 0.49833524 -0.18060483 0.35630584 -0.32020822 0.16395183 -0.5548238
979 0.1135204 0.023009364 -0.39888734 -0.8352828 0.11214563 0.22519663 0.12107453 -0.22765379
574 0.06589819 0.00623055 0.52977717 0.4448508 -0.52020824 -0.2290091 0.31386235 0.30901626
1057 0.24945161 -0.7051778 -0.2526965 -0.5720089 0.10278027 0.118282676 -0.08108536 0.13534713
834 -0.8091729 0.15353166 0.40437102 0.28233394 0.09065163 0.14989422 -0.11317861 0.18693163
1139 -0.09378214 0.17685768 -0.13901332 -0.43824303 -0.40197855 -0.26619864 -0.07097839 0.7148834
983 0.8028851 0.0005477158 -0.20100656 -0.5146707 -0.016949223 -0.21155132 -0.07094417 -0.0033521105
249 0.40122014 0.7062332 0.21064931 -0.2725954 0.23698646 -0.0116063375 -0.2494144 -0.32104647
228 -0.3655216 0.14649855 0.02133689 0.36957332 -0.38071486 -0.20777476 0.5005004 0.5189197
760 0.050007723 0.2866069 -0.41997284 0.20755728 0.6424493 0.10594275 -0.025277646 -0.5208593
589 0.16697237 0.051074985 0.1831573 -0.7816407 0.40077585 -0.30478287 0.015674682 0.266914
782 -0.4380823 -0.28823134 0.15834707 0.06791195 0.15064971 -0.571607 0.31114835 -0.49907675
21 -0.32613885 0.28822887 -0.13454047 0.4746454 0.2608703 0.16328011 -0.68312865 -0.07609001
423 -0.5147924 -0.38730037 -0.30419797 0.13481754 -0.27475554 0.61729395 0.06539736 0.115999185
1064 0.05143323 0.036635797 -0.16227552 -0.741585 0.2789267 -0.20007165 -0.14903119 -0.5288589
1154 -0.105781175 -0.43091053 -0.584683 -0.5079649 -0.059103277 0.1986378 0.18765485 -0.35366562
1466 0.41954204 -0.5903529 -0.11312705 -0.39363846 -0.34380317 -0.2048437 0.062262475 0.37905243
576 -0.614493 0.1707676 0.120176524 -0.009226482 -0.06753763 0.7150679 -0.036057834 -0.24804369
1007 0.07930038 0.243694 -0.6774543 -0.4981079 -0.10440376 -0.10961808 0.42607692 0.15103301
1132 -0.4032814 -0.5914813 -0.10011933 -0.58807296 0.038719635 -0.04995243 0.35573712 0.03341984
724 -0.32911304 0.31915805 0.0067976345 -0.68502975 0.28006592 -0.0064578108 0.30845478 -0.3832594
1210 0.6669227 0.01860542 -0.34490693 0.1535271 0.41754374 -0.12254821 0.1270627 -0.45478645
1437 0.27273607 0.09187498 0.07236076 -0.7942987 0.2954182 -0.060106102 -0.28724405 -0.32807577
1229 0.15679093 -0.24051258 -0.0292472 -0.58593196 0.65407664 -0.16804127 0.26480877 -0.21730295
519 -0.22538581 -0.4006462 -0.54163027 -0.24336533 -0.06246005 0.07847915 -0.3053645 0.57687634
1144 -0.4781919 -0.3796045 0.6779386 0.22113417 0.11188332 -0.27190244 0.16153993 0.078662105
860 -0.23908576 -0.38092515 -0.36505887 -0.57864517 0.4385164 0.053240474 -0.18873641 -0.31445697
33 0.3758694 0.6455145 0.3888571 0.0014796191 0.34764707 -0.23010717 0.15021062 -0.30732745
1118 -0.60772383 -0.5789167 -0.19798298 0.14403518 0.084505536 0.06382675 -0.46029475 -0.11179252
483 0.5511479 -0.37243855 -0.15334384 -0.73070014 0.006662102 -0.00089476036 -0.00040129552 -0.0065650498
591 -0.07379955 -0.31378883 -0.3717086 0.542461 -0.16510503 -0.5950554 0.23249713 0.16808759
1197 0.5113309 -0.5599408 -0.5646712 0.04596066 -0.07229099 0.06146997 -0.04584161 0.30485246
899 -0.2637093 0.6934033 0.13729623 -0.48354042 -0.02884482 0.3686363 -0.2321816 -0.079717204
1181 -0.13059404 0.7300763 0.14209756 -0.5080461 0.11699152 -0.20411389 -0.21105671 0.26783723
247 -0.3335843 -0.3054449 0.022458654 0.88512236 0.025695456 0.033195972 -0.06194851 0.07667533
55 0.1351199 -0.22804834 0.8109835 0.37200585 -0.19161832 0.24869126 -0.16668007 -0.08548059
1409 0.6997954 -0.49465123 -0.15145005 0.44550133 0.10179211 -0.091690056 -0.14755051 0.060482956
189 -0.45104626 -0.4808962 -0.21198764 -0.29084423 0.011925542 -0.46186614 0.3574833 0.30742517
550 -0.1728686 0.3293509 0.29757947 0.7826524 0.18835983 -0.13113374 0.3277722 -0.020877508
639 0.7015924 0.1485038 -0.21603899 -0.16137461 0.017830014 0.5697822 -0.17045653 -0.24284802
852 -0.19849373 -0.6547118 -0.2053313 -0.49123058 -0.19433467 -0.27519372 0.265742 0.25370854
967 0.20864351 -0.23656212 -0.14254293 0.4632935 -0.35119557 0.051300254 0.6227639 0.38954082
893 -0.3258487 -0.10560813 -0.23772587 0.82373905 -0.06778246 0.15146223 0.11950802 0.32525778
1004 -0.32938263 0.089620516 -0.28668994 0.20385477 0.21635608 -0.49226016 0.67217565 -0.13702942
310 -0.272375 0.5114006 -0.5399722 -0.26314536 -0.28796923 -0.42619678 -0.12384513 0.15348642
825 0.08486834 0.45152774 -0.62016714 -0.51685464 0.18143862 0.038619705 -0.050707422 -0.3165303
668 -0.67989796 0.33775997 0.33456567 0.37499756 0.027855052 -0.23058593 0.05546756 0.33775315
888 0.87293684 -0.37006977 -0.16315041 0.27252194 0.008482206 -0.0011392114 -0.00051093055 -0.008358639
1121 0.15081285 -0.34867543 0.13436128 -0.62491155 0.06666771 0.28487942 -0.5986313 0.05615364
1083 -0.3022429 0.23811893 0.25303277 -0.58305454 0.17098811 -0.37139788 0.5164256 -0.118750155
1036 0.08979266 0.022704484 0.96615434 -0.24024257 0.01122707 -0.001507863 -0.000676269 -0.011063516
971 -0.07418109 0.30343795 0.6835217 0.1880106 0.100817956 0.07318686 0.58312476 -0.21051745
272 0.29120314 0.05555785 -0.10926584 -0.12986673 0.83683133 -0.21345317 0.0104679 -0.37060907
253 0.018289352 -0.2609552 -0.31623042 -0.69227403 0.1970745 -0.5207231 0.20515403 -0.01560757
1067 -0.8759246 -0.22170866 -0.0151174925 -0.23017164 0.052960515 -0.09852506 0.08872354 0.33167762
1235 -0.27645624 -0.461848 0.7690317 0.1971713 -0.26328272 -0.009531203 -0.001615598 -0.10281454
898 0.009021148 -0.36640278 0.4513019 0.21363004 0.26818836 0.15852915 -0.5995743 -0.39976332
649 -0.42228273 -0.07730627 0.5699736 0.266158 0.047316886 -0.120403394 -0.2096207 -0.5994283
785 0.6481776 0.3565909 0.048614565 -0.06506378 -0.03329726 -0.46380067 0.32355586 -0.35384178
863 0.29305667 0.14572844 0.23751314 0.69809175 0.34789556 -0.039672382 -0.11898494 -0.46084028
1263 -0.37134057 0.3864765 0.79211354 0.29170248 0.010211844 -0.0013715121 -0.00061511627 -0.010063079
26 0.14312816 0.3284813 -0.24428211 -0.8627591 0.00034347965 -0.24920899 0.028364988 -0.06839272
640 -0.038436968 0.033138383 0.79468834 0.07047269 -0.3491416 -0.17308906 0.45322362 -0.06047347
602 0.11783875 -0.4442416 -0.21338303 -0.056481328 -0.060362235 0.34844562 -0.7629431 0.18138567
874 -0.7472401 0.41758323 0.27987295 0.29245424 0.088626504 0.23104239 -0.18607469 0.08682861
1047 -0.31171387 -0.538275 -0.4042256 0.28043547 0.08033912 -0.17659956 0.5609432 0.13694164
1159 -0.12260727 -0.35860175 0.58620113 -0.21579415 -0.26448038 -0.15952699 -0.36946294 0.48401624
1063 -0.070080414 -0.3681514 -0.6384631 -0.44814414 -0.3912222 -0.061348587 -0.2912317 0.097214445
224 -0.20472233 -0.4974712 0.45496747 -0.37071455 -0.5247844 -0.19324479 0.19620833 0.12225638
631 0.18282735 -0.5163285 -0.22059798 -0.41282424 -0.12028338 -0.11717606 -0.5274163 0.41776246
638 -0.21531215 -0.25733986 0.051852312 0.7999362 -0.410337 0.015833572 0.27222228 -0.045807395
1301 -0.29001343 0.5916405 0.13845626 -0.1701753 0.55722505 -0.04902166 -0.00059203716 -0.45257103
1275 -0.3523323 0.17748936 0.1671872 -0.33462518 -0.60211605 -0.1323823 0.3232175 0.4689302
822 -0.27004728 -0.110625714 0.13940799 0.72067076 -0.17434573 -0.15875533 0.15862557 0.54339075
731 -0.078258395 -0.12588726 -0.50019157 -0.099407785 0.47782257 -0.06329717 0.19263382 -0.6697206
144 -0.1239344 -0.35822845 0.14643393 -0.20820993 -0.32160878 -0.5184235 0.12175728 0.6360018
1357 0.6221506 0.121790215 0.115480706 -0.617028 0.33918127 -0.031948633 -0.20347902 -0.21579607
345 -0.6783349 0.0378528 -0.032802016 -0.70194465 -0.050854843 0.09471696 -0.15043673 0.10216631
531 -0.5275849 0.5900711 0.51032215 -0.14891243 0.02299248 -0.23369719 0.18290015 0.04765481
52 -0.24484275 0.4016664 0.7735783 -0.16964488 0.11689851 0.0014024872 0.31149828 -0.20202741
160 -0.23305053 0.26865786 0.28106585 0.35758364 0.13077147 0.6899854 0.0052779354 -0.41645804
1094 0.6488497 -0.1684963 -0.4040639 -0.44503066 0.15904549 0.1831707 0.1040188 -0.3458558
1037 0.5115011 -0.50210434 -0.3799769 0.15844734 0.27458897 -0.028586105 -0.2792366 -0.40321285
799 0.34820208 -0.09416579 -0.3957698 0.022875484 0.42935812 -0.13821183 0.1479541 -0.698133
892 -0.4434408 -0.122318305 -0.52241236 -0.49620813 0.39335924 -0.09073083 0.21752356 -0.24286036
1030 -0.5850164 -0.26109108 -0.103815556 -0.41961274 -0.082011394 -0.09679679 0.48104742 -0.39399567
430 0.83720106 0.20292978 0.07245519 0.42875418 -0.07939015 -0.023747783 0.17761683 -0.17441185
381 0.9612653 0.1837053 -0.098071165 0.12579286 0.07419472 -0.10607302 -0.0028387846 0.003893665
362 -0.07464302 0.08059509 0.9933489 0.024098355 0.017496916 -0.002349941 -0.0010539367 -0.017242024
556 -0.013512877 0.093572214 0.4003898 -0.84033895 -0.33370185 -0.072764754 0.03522907 0.08177671
328 0.45873097 0.053428605 0.5935626 -0.6589583 0.009202513 -0.001235953 -0.00055431866 -0.009068453
947 0.050282177 0.20897122 -0.017579105 0.6345541 -0.09700107 -0.48563868 0.41184825 -0.36872986
886 0.7585168 0.450805 0.13265757 -0.45115024 0.012115703 -0.0016272117 -0.00072979624 -0.011939203
348 -0.4240032 0.21455611 -0.59495276 -0.06493247 0.050636485 -0.015126333 -0.52579963 0.36978883
136 0.080058806 0.23521483 0.6063723 0.672316 0.010505419 -0.16663209 0.29466936 0.06214168
1190 -0.38734698 -0.62878144 0.12772362 0.40097812 -0.093743704 -0.20792985 0.46009603 0.11742395
508 0.16457999 0.3077791 0.5224214 -0.57764965 -0.29819065 -0.10600659 -0.004622602 0.4140117
1169 0.08118001 0.06429316 -0.21044193 0.24125484 -0.43250006 0.05368599 -0.2539325 0.7952147
1176 0.023203822 -0.6646744 -0.055216342 0.70490867 -0.06204981 -0.073158175 0.011706321 0.21996586
245 0.2862591 -0.2847523 -0.23205647 -0.7784764 0.097532734 -0.039397046 0.116102874 -0.39057875
1028 -0.19951467 0.14296323 0.11012071 0.72944206 -0.06455405 -0.60237694 0.12822717 -0.10988897
209 -0.4289952 -0.2356057 -0.22313216 -0.8013674 -0.019168055 0.029392786 -0.2511511 0.06455401
1131 0.5294941 0.10711686 -0.72297454 -0.3961987 -0.103334665 -0.06229094 -0.027522735 0.11480715
667 0.70519966 -0.27886224 -0.31426236 -0.009086954 0.07141237 -0.47495547 0.15981318 0.26431632
812 0.26096496 0.2600011 0.5568843 0.27835292 0.5659878 -0.028111393 0.27260184 -0.28504732
1240 -0.39652854 0.21716239 -0.33771688 -0.058446083 0.03915599 -0.07442112 0.7719557 -0.27413425
290 0.3389471 -0.21441858 0.23258731 -0.7762722 0.24811724 -0.09156999 -0.056120962 -0.330677
931 -0.27639562 -0.5257451 -0.4494409 -0.34235665 0.038630087 0.08262957 -0.13930945 0.5479646
1533 0.2673809 -0.31227955 -0.18674883 -0.17751627 0.7795654 -0.14999098 -0.028596714 -0.3654648
1157 -0.2976007 0.39546245 -0.5713305 0.09215663 -0.3207944 0.43475994 -0.014108969 0.35778138
193 -0.019536564 -0.5809305 -0.57020384 -0.33180088 0.10585578 0.2321175 -0.35812426 0.18323942
44 0.06266123 0.28300896 -0.4258518 0.21133558 0.6384493 0.11039027 -0.025167238 -0.5191628
190 -0.049966622 -0.6450851 -0.48939657 -0.4528174 0.14958839 0.055907268 -0.18594112 0.27701876
867 -0.33520037 -0.22174354 0.05361885 -0.041191116 0.6395197 0.22961031 -0.35545006 -0.49583033
1199 0.29089385 -0.20738724 0.0321279 -0.24495661 -0.5573095 0.66598076 -0.23901929 0.008994948
456 0.49315435 0.001944175 0.79551613 -0.015702967 -0.14834818 -0.21251643 0.2096926 0.112076074
943 0.62059563 -0.10750648 -0.55923426 -0.2603341 0.05572225 0.42005748 -0.14875045 -0.14528108
1148 0.5508096 0.07877907 0.52967286 -0.06725813 0.3580611 -0.0061091916 -0.096281804 -0.5175041
784 -0.41359434 -0.5383671 0.21480367 0.39845732 0.08887662 -0.26758453 0.41180986 -0.2917258
129 -0.027693294 0.1760526 -0.25539115 0.4390345 0.24996361 0.42643183 -0.041319977 -0.68134373
827 -0.6947533 -0.15932268 0.27341032 0.11155171 -0.033877388 -0.11396565 0.6243191 -0.028759077
817 0.86844385 -0.05453503 0.071411885 0.48648024 0.023158837 -0.0031103713 -0.0013949858 -0.022821464
925 0.27667543 -0.45304096 -0.49373227 0.043740157 0.21056406 -0.3989411 0.4328924 -0.2857147
462 0.596132 -0.7363688 -0.24770547 0.12334599 0.055387504 -0.14370719 -0.0012573258 -0.045764107
1103 -0.6486253 0.5604133 0.47533223 0.19416255 0.028178483 -0.0037845396 -0.001697347 -0.027767984
745 0.73472774 0.26985365 -0.0989716 -0.60068285 0.117029786 -0.0056480886 -0.039440803 0.03815217
471 -0.7985846 0.44726592 -0.061973903 -0.30913913 -0.1896828 -0.0060704355 0.08070389 -0.14240253
1191 -0.3421451 0.18161204 0.669031 0.56283486 0.06601326 0.19358057 0.16591905 0.12731045
714 -0.4378401 -0.15404448 0.39480457 -0.6824338 -0.3107621 -0.033453196 -0.08619578 0.2405366
1216 0.4452841 -0.072662435 0.4224577 0.5488203 0.13914317 -0.53089577 0.08042386 0.09533535
485 0.1317743 -0.16423991 -0.009939655 0.74984556 0.11560099 -0.5088764 0.27342093 -0.21497817
1098 0.31413305 0.5344766 0.17393368 0.27577174 0.49144247 0.3298984 -0.36425304 -0.16224466
991 0.27893475 -0.32187894 -0.7107425 -0.24818921 0.38784412 -0.106883176 -0.1564096 -0.25597954
1016 0.4744706 -0.588094 -0.0506834 -0.10955636 -0.5382765 0.18740126 0.09945203 0.28231207
306 -0.31261525 0.12157752 0.13211876 0.6435635 0.05270647 -0.13653986 -0.6176028 0.23023225
1186 0.04071576 0.1501556 0.95146644 0.18528809 0.18096618 0.04434316 0.038093712 -0.0030221192
1375 0.37213758 -0.57935506 0.326381 0.3908273 -0.24468283 -0.1437625 0.2528756 0.34943888
1002 0.061686505 -0.26914153 -0.4741242 -0.6408001 0.029252326 0.1625157 0.2130202 -0.46442908
538 0.2660548 0.1382816 0.07102481 0.24280086 -0.4998377 0.66400677 -0.31065464 0.2425846
903 0.10087335 0.29415318 0.3274801 -0.78314507 -0.01334059 0.08744217 -0.34524184 0.2360573
627 0.3188141 -0.52491874 -0.27618957 -0.5329225 -0.067983754 0.03353328 -0.45909098 0.21452262
355 -0.113126144 -0.5964739 -0.35289836 -0.31165823 -0.14089924 0.14753608 -0.6043496 0.053807188
1092 0.4598781 -0.668468 -0.52207893 -0.051466353 -0.03385516 -0.018709755 0.07625638 0.24317922
571 0.044930186 0.16311629 -0.6802241 -0.46186507 -0.058997918 -0.03943596 0.109029815 -0.5276616
562 0.44728345 0.6964067 -0.24127378 -0.31674722 0.1531013 0.06164093 -0.33334213 -0.13437553
1335 0.3592242 0.08567159 0.215499 0.5281774 -0.12650405 -0.53264064 0.48606718 0.047291696
54 -0.09534232 -0.26586974 0.44349632 -0.006259084 0.17229371 0.13024753 -0.7645335 -0.30386487
1105 0.24629256 0.61798507 0.62028885 -0.40782127 0.05648512 -0.0075862915 -0.0034024136 -0.055662256
929 0.087774344 0.75004935 -0.30605224 -0.48506144 0.038654305 -0.061893385 -0.30137336 0.067957796
36 0.9080003 -0.12785146 0.3480259 -0.03856599 0.13847196 -0.10779965 0.03735216 -0.06625399
161 0.649158 -0.1678649 -0.17544559 -0.7208173 0.005321177 -0.0007146661 -0.00032052415 -0.005243659
357 -0.2077203 -0.45923454 -0.054293897 -0.32837474 -0.55174106 0.174423 -0.17368463 0.51977897
567 0.38319618 0.6104686 0.6848225 -0.106166884 0.010870307 -0.0014599477 -0.00065477914 -0.01071195
946 0.57815695 -0.49816388 -0.14883253 0.026034031 0.22172254 0.03124951 -0.40365413 -0.4262208
1060 0.2586144 -0.43546122 -0.18000033 0.35545987 -0.47393012 -0.2823755 0.08582836 0.52252096
318 0.543747 -0.71083534 -0.3471734 0.20375259 -0.06533351 -0.12710086 0.0221766 0.12685822
1222 -0.25769326 0.14231507 -0.107559845 -0.0833581 -0.26105502 -0.04031773 0.8645972 -0.2784228
1025 -0.8126966 0.059375577 -0.06232095 0.1616583 -0.27626905 0.1818334 -0.076226674 0.43678716
743 0.15109393 -0.26168576 -0.07755924 0.695467 -0.5797225 -0.1588936 0.20061141 0.1320263
653 -0.55762476 -0.6421951 -0.044220172 0.25846916 0.03162736 -0.17805621 -0.41294956 0.06816568
952 0.30992588 0.30170467 0.052277718 -0.4881899 -0.50638247 0.33988076 0.15900747 0.4178905
380 0.3571829 0.5583003 -0.31169358 -0.571255 -0.13142921 -0.06914156 0.008076082 0.33928853
985 -0.43574712 -0.13456267 -0.11440582 0.16988553 -0.62481564 -0.28160375 0.48441002 -0.2138207
948 0.4527638 -0.45354807 -0.17858906 -0.18325305 0.13317028 0.101423375 -0.6396789 -0.29430106
278 -0.3246456 -0.2574169 -0.3111375 0.68285877 0.24485186 0.41281426 -0.16411665 0.08908821
507 0.011177349 -0.41650477 -0.39210713 -0.48961973 -0.34515992 -0.45623258 0.03197367 0.3234464
1312 -0.34162116 0.30304852 0.2992738 0.35718918 -0.58591104 -0.09102793 0.29890165 0.36522287
139 0.3095649 0.14643276 -0.085962005 0.20527074 -0.5657281 -0.33707032 0.102452904 0.6237308
415 -0.62756336 -0.5699187 -0.1589139 0.38224843 -0.14920887 -0.14720784 0.18227194 0.181199
268 0.089305885 0.031730138 -0.23733301 -0.9137877 0.03521034 -0.017925007 -0.30934203 0.04928668
200 0.43268812 0.305904 -0.56424934 -0.5451987 0.032207716 0.08452112 -0.040954303 -0.3061476
717 -0.09085347 0.06523776 -0.105449244 -0.3836462 -0.48853713 -0.3650757 0.12817462 0.6639339
884 0.20020568 0.34891886 0.89591146 -0.18828183 0.00574503 -0.0007715921 -0.00034605514 -0.005661337
729 -0.5443657 -0.50225437 -0.0869152 0.04386334 -0.5449888 -0.12008545 0.34646505 -0.10225945
906 -0.66037947 0.11120362 0.019114142 -0.19923808 0.07577506 -0.28077242 0.28911704 -0.58592486
1245 -0.88678044 0.27243766 0.085548654 0.13714959 0.040994946 0.058033213 -0.15916635 0.2879012
775 0.15626936 0.032565482 0.2657996 0.014828144 -0.2440676 0.1704735 -0.7502204 0.5021844
210 -0.48102552 -0.23596875 0.06555037 -0.56059045 -0.3887346 -0.031033708 -0.3845002 0.3073381
1223 -0.36850178 -0.5809522 -0.051129103 -0.44136563 0.14782223 -0.33943427 0.43828526 0.011042929
539 -0.051677145 0.425914 0.46605533 0.122978725 0.47783723 0.10791211 -0.012993889 -0.58604884
641 0.3527387 -0.2817548 0.2667392 -0.02915824 -0.36634123 0.05351263 0.6496212 0.40634015
1362 0.7239837 0.47691944 0.14706473 -0.27093297 -0.06555842 -0.24866767 0.07430055 0.28584686
1194 -0.60654503 0.4756399 -0.0855325 -0.38507846 0.25023586 0.34385484 -0.16904613 -0.20208412
300 0.26976895 0.6761391 -0.3291834 -0.1258648 0.10145993 0.49829364 -0.20676939 -0.21098037
1351 0.56018573 0.2134594 0.5460008 -0.069298185 0.36195037 -0.3465402 -0.2179062 0.19780456
758 0.57666296 0.12292579 -0.73959273 0.24957123 -0.14195201 -0.11043906 0.046596717 -0.092451826
1326 -0.16758661 0.21612069 -0.18010932 0.3382307 0.037289206 -0.19995368 0.8293108 0.22189814
826 -0.50116456 0.71572304 0.42727524 0.04339609 0.11205223 -0.16578948 -0.023988292 0.10728413
