0	1862
1	2
8	281
8	1996
8	269
9	2614
10	476
11	1655
11	1839
13	1810
13	1701
28	1687
29	963
34	1358
35	1296
35	1913
35	895
40	507
46	1604
47	1579
49	2034
49	1666
50	1441
53	1358
53	1103
53	1739
54	767
54	401
57	2418
60	55
60	1527
62	485
64	1737
67	540
68	1358
68	1986
68	391
70	441
71	1986
72	1358
72	1103
76	88
76	2018
76	2178
77	1803
79	603
80	257
80	1117
82	1634
83	1520
85	1065
87	842
92	898
96	2217
97	661
100	1602
100	2056
101	1358
101	281
108	2157
108	1647
113	540
113	747
113	1884
114	610
115	973
116	1501
125	458
129	441
129	701
130	88
130	2017
131	2169
131	834
134	406
135	137
135	2144
135	2095
136	831
138	236
138	306
138	1776
140	582
140	623
141	2034
141	1002
143	1701
143	598
143	316
147	1519
150	310
159	180
161	842
164	210
164	211
166	271
168	167
170	1358
170	1067
171	790
176	109
176	973
176	231
178	833
179	1986
179	231
183	1837
185	2003
185	297
188	1169
192	2472
193	441
193	458
195	94
196	429
196	2122
196	442
197	231
199	1869
204	415
205	1701
205	1869
207	833
209	2681
214	2194
215	1701
215	1986
215	2045
216	1701
216	1542
217	243
219	1413
219	1542
219	507
220	817
221	817
223	1761
223	1154
223	744
224	1810
224	2034
226	1701
227	883
227	534
233	128
234	610
235	1701
238	1828
241	1441
248	1964
248	1531
249	1978
249	1884
249	621
253	251
253	1413
253	507
254	507
256	756
262	1464
262	1351
263	1103
263	364
263	732
265	1441
268	1740
268	2451
273	374
274	748
275	805
276	1463
276	2133
278	1185
280	2155
280	1535
282	747
286	33
286	442
286	698
289	109
289	1358
291	1692
294	306
295	1177
295	1176
296	732
298	1325
298	1095
300	88
300	415
301	1169
301	2492
303	1670
303	719
305	1416
305	1927
309	2305
309	2268
309	383
312	1740
312	1610
314	1623
317	1624
317	1785
320	348
321	269
321	1083
322	228
324	2194
324	827
325	1848
326	154
326	1358
326	1754
328	290
328	1250
329	306
329	1798
330	91
330	1505
330	2123
331	1527
333	1358
334	95
334	1013
334	693
335	1701
335	1986
336	1944
336	1950
338	1413
338	1542
340	584
342	1072
342	1512
343	311
343	1701
345	833
346	1358
349	465
351	1810
352	310
352	1944
354	1803
359	1483
359	389
359	1620
360	1824
360	1409
361	2681
362	1966
363	1003
367	2083
367	2451
373	6
373	1042
376	1583
378	148
381	148
381	2518
381	2538
382	191
382	2034
382	1203
384	1623
384	1624
386	2114
386	2117
387	231
387	519
388	118
388	1899
393	739
395	2367
395	640
395	1147
400	1354
412	56
412	1616
412	1849
413	374
414	711
416	1701
416	519
418	269
420	1869
421	2216
424	436
424	1203
425	2466
427	565
427	1528
430	2130
433	436
433	756
435	733
435	1912
435	486
439	1169
446	118
446	1507
450	2538
451	671
451	935
453	2305
453	2306
455	2147
455	1664
460	1986
461	2309
461	1203
467	1701
467	1708
468	647
468	1311
468	1313
471	1013
471	2394
478	514
478	2024
478	1978
479	132
479	1880
488	444
489	1358
489	2390
493	391
493	1759
494	2614
496	711
496	596
500	2241
501	1358
501	1765
502	279
503	1692
503	576
503	2001
504	1973
504	2394
509	1101
509	2146
510	1013
510	1131
510	1171
511	1810
511	549
513	565
513	1528
513	657
516	1882
521	598
523	429
527	81
527	423
529	1417
530	1013
530	2094
530	1505
531	606
532	1701
533	1742
533	2466
536	1894
536	567
539	1616
539	711
539	2155
543	65
546	1608
547	1701
547	598
550	93
551	231
551	2388
554	118
554	306
555	1463
556	1623
556	1805
557	1725
559	472
559	1182
559	1579
561	1016
564	189
564	1262
564	2476
566	1986
566	1907
568	1810
569	1759
570	201
571	696
572	1416
572	2025
572	2418
574	1692
574	576
574	2001
579	994
590	1954
590	1441
593	415
593	1115
593	1474
595	2176
595	1016
595	1256
597	1628
599	1271
599	1093
600	2394
602	148
605	1107
605	2534
607	1664
613	341
613	1358
614	1475
615	59
617	2034
619	65
619	239
620	2534
624	1042
629	174
629	534
629	883
630	973
631	567
631	2358
633	1701
634	2227
637	598
642	591
642	2472
646	119
648	1441
649	1171
652	470
655	306
655	487
655	2080
656	306
656	350
658	2147
659	1803
660	139
660	1623
664	1701
667	456
667	2472
668	436
669	729
669	1086
673	1986
673	1907
674	1907
675	94
675	2356
676	1955
678	377
678	733
679	1395
680	2199
682	1224
682	973
683	2169
683	834
684	1358
684	1282
686	1358
688	492
688	1257
690	311
691	2034
691	2130
697	30
697	1080
699	1701
699	2045
703	801
705	429
709	1896
709	1903
712	1464
714	48
714	148
715	2291
717	1907
720	371
720	392
720	1441
723	2614
724	1344
724	2394
724	2395
726	177
726	2671
726	1533
727	2570
740	1002
742	1483
742	1743
742	1620
746	281
746	1303
749	2155
749	1333
750	1441
752	957
752	2083
752	2451
753	1880
753	1269
754	1358
754	1483
754	2450
755	1898
755	2071
757	1358
757	1284
759	733
759	1703
761	1401
761	1443
762	2448
762	859
763	693
763	1635
765	640
765	2367
765	1147
768	1566
768	1723
768	1724
769	1927
770	2117
770	1894
773	1072
773	1505
775	180
775	2075
776	402
776	1413
776	1542
777	702
781	218
784	1701
785	1664
787	55
787	438
789	1703
789	1240
791	180
791	2034
791	2130
795	603
795	1810
795	1645
799	961
802	121
802	1307
804	1307
806	403
813	2376
818	415
820	800
820	889
822	702
822	1973
825	1765
828	444
828	1795
828	2464
830	661
830	1914
837	2248
839	485
839	965
840	1903
841	88
841	2034
844	264
844	472
844	1902
845	316
845	598
845	766
846	374
846	2146
847	2189
848	228
848	985
850	1464
853	1358
853	1169
853	1762
856	2248
858	2182
860	1427
860	1527
860	1758
862	38
862	733
864	104
864	1065
866	1049
870	577
870	1119
870	2126
872	1413
872	1542
872	1340
874	1701
878	436
878	885
879	397
879	1558
880	1013
880	973
881	1199
882	1358
884	89
884	152
886	622
888	1475
890	1269
891	645
892	310
892	1950
894	640
894	2367
896	465
902	1358
902	1284
902	1604
906	577
906	2351
907	1351
908	1013
912	2130
914	875
916	1026
918	1542
918	1098
919	1358
920	316
921	1914
922	1307
924	638
924	808
924	2383
926	1862
927	17
927	2140
927	1316
928	327
928	2063
929	1358
933	534
933	883
933	1038
934	94
934	2356
937	2096
940	1829
942	1952
943	1196
946	1966
950	93
950	437
950	645
951	1358
955	175
955	1914
955	1482
956	492
958	306
958	1072
958	1798
960	1776
966	415
968	598
968	1986
971	107
971	1650
976	998
977	1281
978	1358
978	998
981	1221
983	2130
988	868
990	310
990	1542
990	1054
992	596
993	702
993	2155
995	1309
995	2385
995	1912
997	1837
999	1358
1001	12
1004	1810
1006	734
1006	736
1009	306
1009	2096
1010	443
1010	1966
1011	741
1011	831
1014	1558
1017	591
1017	1475
1017	2472
1021	2309
1023	1701
1023	1986
1025	1042
1027	2394
1028	661
1029	118
1030	859
1031	48
1031	788
1031	1952
1033	173
1033	687
1033	2168
1037	403
1039	436
1039	827
1039	885
1043	2309
1047	1042
1052	1701
1053	229
1053	1405
1055	899
1055	1577
1056	167
1058	1195
1060	1441
1061	783
1061	1196
1061	2376
1063	394
1063	577
1064	394
1064	2351
1068	1015
1069	239
1073	316
1073	985
1073	2163
1074	1501
1074	1675
1074	1676
1075	1701
1078	591
1081	1050
1082	1534
1087	89
1087	2434
1088	741
1088	1089
1091	982
1091	2176
1091	1256
1092	1171
1092	2501
1099	1054
1099	1577
1100	598
1100	1701
1104	725
1105	578
1106	1874
1106	2501
1113	107
1113	1650
1114	1717
1122	458
1123	1103
1123	1358
1124	1086
1125	1042
1128	1441
1128	1954
1130	833
1132	311
1134	835
1137	725
1138	2248
1140	476
1141	963
1142	973
1144	1623
1144	1245
1145	748
1145	1358
1145	1169
1151	2570
1153	258
1153	1401
1155	1229
1159	729
1159	2534
1161	110
1162	1510
1163	1402
1164	1287
1165	145
1165	537
1165	1593
1166	1986
1167	643
1167	1070
1168	1022
1168	1955
1172	304
1173	202
1173	353
1173	1250
1175	2359
1179	1955
1180	505
1187	895
1191	2241
1191	1558
1192	733
1192	1062
1193	306
1193	1705
1194	368
1197	1998
1197	1791
1198	1042
1200	1502
1201	457
1205	1358
1205	1761
1206	2671
1206	1257
1207	1102
1207	2464
1207	2290
1209	1358
1209	1737
1211	507
1212	1701
1217	230
1219	45
1219	994
1220	239
1222	1224
1227	1269
1228	186
1228	1536
1230	1050
1232	1083
1237	735
1237	739
1237	1958
1238	154
1238	1358
1239	743
1241	310
1241	1701
1241	1950
1242	1101
1242	2146
1243	1041
1243	1358
1246	857
1248	603
1248	2045
1249	1483
1252	867
1253	302
1253	308
1254	657
1254	1229
1255	2248
1258	452
1258	505
1258	644
1259	356
1261	2130
1264	443
1264	1531
1265	377
1265	733
1265	2291
1266	255
1266	1984
1266	1529
1267	645
1267	647
1267	1824
1268	162
1268	1929
1268	2309
1270	2034
1270	1622
1274	239
1275	405
1276	458
1276	1022
1278	2305
1278	2268
1278	2306
1280	449
1283	1282
1283	1776
1285	711
1285	2182
1288	88
1288	1309
1289	1705
1289	1622
1291	1224
1292	689
1292	1358
1292	1317
1293	65
1293	1013
1293	2418
1294	733
1295	1171
1297	316
1297	598
1297	766
1299	598
1299	1810
1299	1701
1304	505
1305	466
1305	1358
1306	364
1306	1317
1308	1229
1308	1627
1312	904
1312	1311
1312	1313
1314	514
1314	1269
1315	17
1315	1301
1318	12
1319	186
1319	2034
1321	2501
1323	1701
1326	2063
1328	2160
1329	733
1329	994
1330	1204
1330	1837
1331	310
1331	1810
1332	436
1332	621
1332	2024
1335	1856
1338	1309
1338	2385
1338	1912
1339	154
1339	1358
1341	868
1341	1224
1341	2425
1342	1050
1345	202
1345	353
1347	281
1350	1443
1352	506
1353	661
1355	1171
1355	1957
1357	2025
1361	565
1361	1528
1362	1351
1362	1914
1363	507
1363	1413
1366	368
1366	2248
1368	702
1368	2553
1368	1911
1369	1094
1369	1653
1369	1530
1373	518
1373	1003
1374	748
1376	239
1376	1848
1379	2564
1380	1050
1380	2564
1381	798
1381	1794
1383	403
1384	1229
1384	1358
1385	1015
1385	2335
1386	2570
1389	341
1389	1358
1389	2597
1390	2681
1391	1693
1392	51
1392	710
1394	88
1394	211
1397	861
1398	565
1398	1528
1403	465
1403	1013
1406	2387
1420	2394
1420	1421
1423	591
1423	1692
1425	1015
1425	1618
1426	480
1426	760
1426	1751
1429	1428
1429	1534
1430	1718
1431	998
1433	1035
1433	2359
1434	1986
1435	1927
1435	2059
1435	2071
1440	869
1440	1701
1445	681
1446	681
1447	1928
1449	2681
1450	1083
1451	194
1451	2564
1452	1015
1452	1336
1452	1417
1453	1701
1453	1986
1454	2
1455	441
1458	982
1459	2080
1460	1185
1460	2358
1460	2349
1461	2248
1461	1634
1465	1799
1465	1488
1466	1041
1467	52
1467	2172
1468	146
1468	1416
1471	1358
1478	1072
1478	1902
1480	1103
1480	1358
1485	1914
1486	650
1486	1035
1486	1745
1490	306
1490	2085
1491	1320
1492	1358
1492	1765
1493	429
1494	88
1494	436
1494	897
1495	93
1495	437
1495	645
1497	549
1497	2034
1504	1647
1506	1146
1506	1229
1508	1405
1508	2117
1508	1894
1509	189
1509	1262
1511	1519
1513	567
1513	760
1513	1830
1514	1692
1515	2182
1516	1358
1517	74
1517	1042
1518	577
1518	1129
1521	1013
1522	39
1522	1697
1523	548
1524	434
1524	1693
1532	39
1537	119
1537	441
1539	1914
1540	525
1540	1628
1540	2054
1545	368
1545	2248
1547	2169
1548	790
1549	119
1549	1901
1550	748
1550	1358
1550	2083
1551	126
1551	306
1560	18
1560	505
1560	1623
1561	102
1561	1623
1562	1358
1562	1765
1564	1772
1565	1358
1565	2365
1569	1050
1569	1966
1570	696
1570	743
1571	1045
1573	598
1574	519
1574	1986
1575	473
1576	1810
1581	310
1581	1810
1584	306
1584	1367
1584	1798
1585	89
1585	1401
1585	1653
1586	173
1586	687
1586	2168
1587	1224
1589	1745
1590	794
1590	863
1596	2476
1601	1750
1605	1054
1605	1950
1606	364
1606	764
1606	819
1607	1221
1607	1542
1609	1791
1609	1912
1611	1462
1611	2124
1612	764
1614	210
1614	2034
1614	1671
1615	1665
1617	748
1619	392
1619	1441
1619	2269
1625	1013
1625	1309
1625	1729
1626	210
1629	1711
1630	737
1630	1269
1630	2227
1631	736
1632	16
1632	364
1632	1756
1633	1096
1637	702
1637	1973
1638	831
1639	177
1639	2679
1640	36
1640	306
1640	350
1641	833
1643	348
1644	415
1644	1013
1646	1358
1649	94
1651	306
1651	2045
1656	306
1656	1367
1656	1798
1657	1554
1658	88
1658	2018
1660	1224
1663	1119
1663	1462
1667	162
1667	438
1667	651
1668	1527
1672	186
1674	1914
1678	833
1679	1316
1679	2140
1680	2056
1685	650
1685	957
1685	2083
1688	2671
1689	155
1689	156
1690	118
1690	2112
1695	1463
1695	2133
1696	1713
1698	537
1698	2160
1699	484
1699	1065
1699	1505
1700	1441
1706	558
1707	1441
1712	1358
1712	2446
1712	1725
1715	1154
1715	1358
1722	1358
1726	1358
1726	1483
1726	2168
1727	1358
1727	1714
1730	1358
1730	1711
1733	831
1733	1072
1733	1358
1744	1358
1744	1765
1746	1281
1746	1358
1747	1148
1747	1358
1748	1103
1748	1281
1748	1358
1752	154
1752	1358
1752	1754
1753	154
1753	1358
1755	1358
1755	1731
1755	1765
1757	957
1757	1358
1757	2451
1760	1103
1760	1358
1764	628
1764	1358
1766	1358
1766	1739
1766	1750
1767	1623
1768	1623
1768	1837
1771	306
1771	1623
1771	1778
1774	1623
1783	1623
1786	18
1786	1624
1788	1015
1788	1505
1788	1624
1790	103
1790	695
1792	581
1792	2485
1793	798
1796	1794
1796	1795
1800	476
1800	1072
1802	306
1802	1072
1806	962
1808	962
1808	1810
1809	962
1809	1810
1811	1810
1813	1810
1814	482
1814	1810
1815	310
1815	1810
1815	1950
1816	1810
1817	733
1817	1810
1819	1810
1820	1701
1820	1810
1820	1873
1822	1810
1823	598
1823	1810
1831	889
1832	889
1833	797
1833	1035
1833	1834
1835	898
1835	2157
1835	2160
1836	898
1840	1013
1840	1377
1840	2071
1843	415
1843	1013
1844	868
1844	1013
1845	1013
1847	88
1847	415
1847	1013
1852	1701
1852	2045
1853	1701
1854	1701
1855	1171
1855	1701
1857	304
1857	1701
1857	1708
1858	899
1858	1701
1859	1701
1859	1986
1860	1701
1861	1701
1863	1701
1865	311
1865	1147
1865	1701
1866	1701
1867	1701
1867	1846
1867	2117
1872	1701
1875	598
1875	1701
1875	1986
1876	1701
1876	1986
1877	1701
1878	102
1878	661
1883	661
1885	661
1885	1884
1886	1103
1886	1739
1887	1103
1888	1103
1888	1737
1890	1889
1890	2130
1891	1889
1891	2034
1891	2130
1892	1580
1892	1669
1892	1889
1893	1889
1895	645
1895	1566
1897	1896
1897	1903
1900	645
1904	1360
1904	1902
1905	210
1905	1914
1910	121
1910	1296
1915	1914
1916	1535
1916	1914
1917	454
1917	1914
1918	506
1918	1914
1921	315
1921	827
1921	1416
1922	1008
1922	1416
1923	1416
1923	1927
1924	1416
1924	1927
1925	1042
1925	1416
1930	1131
1930	1927
1931	507
1931	1413
1931	1542
1932	402
1932	1413
1932	1936
1934	1413
1937	548
1939	1542
1942	875
1942	1542
1943	1340
1943	1542
1948	310
1948	1950
1949	310
1949	1221
1953	458
1953	1470
1953	1555
1956	807
1956	1226
1956	1954
1956	1955
1960	1360
1960	1903
1961	801
1961	1022
1962	1022
1963	1022
1965	39
1965	1964
1967	1703
1968	1671
1968	1703
1968	2034
1969	1703
1969	2238
1970	271
1970	1702
1970	1703
1971	1702
1971	1703
1971	1966
1972	1351
1972	1402
1972	1652
1974	578
1974	737
1974	1973
1976	1973
1977	436
1977	1526
1981	436
1981	490
1981	1526
1982	436
1983	55
1983	438
1983	897
1983	2034
1985	437
1985	438
1987	1986
1987	2509
1988	1986
1989	1986
1990	1986
1991	1986
1992	1185
1992	1986
1993	849
1993	1986
1994	1986
1995	553
1995	745
1995	1583
1995	1986
1997	1986
1999	827
1999	1986
2000	160
2000	1986
2002	1986
2002	2001
2004	180
2004	316
2004	1986
2005	1986
2006	1986
2007	1986
2008	733
2008	1986
2010	88
2010	118
2010	2016
2011	25
2011	88
2011	733
2012	88
2013	88
2014	88
2014	415
2015	88
2015	1309
2015	2071
2019	973
2019	2018
2020	55
2020	323
2022	323
2022	454
2023	651
2023	1512
2023	2217
2026	487
2026	2025
2026	2045
2026	2096
2027	2025
2028	2025
2029	472
2029	1543
2029	1579
2030	118
2030	2112
2032	1336
2033	788
2033	1002
2033	1336
2035	733
2035	2034
2036	833
2036	2034
2037	180
2037	2034
2038	2034
2039	1889
2039	2034
2040	33
2040	2034
2040	2122
2040	2120
2041	48
2041	429
2041	788
2041	2034
2042	2034
2043	429
2044	429
2044	2001
2047	2045
2048	306
2048	2045
2048	2046
2049	142
2050	1616
2050	2485
2051	1042
2051	1926
2052	74
2052	544
2052	1042
2052	1926
2053	52
2053	1628
2055	1042
2055	1628
2055	2198
2057	525
2057	1628
2060	735
2061	735
2062	701
2062	735
2064	327
2064	1996
2066	1098
2066	1477
2066	2122
2067	1098
2067	1477
2068	861
2068	1377
2069	702
2069	1377
2070	702
2070	1377
2072	1395
2072	1602
2072	2182
2073	901
2073	1042
2073	1602
2074	95
2074	1602
2074	2181
2078	236
2078	306
2078	836
2078	1776
2079	126
2079	236
2081	484
2081	1705
2082	18
2082	133
2084	306
2084	350
2084	409
2086	306
2086	1089
2086	1505
2086	2094
2087	306
2088	306
2088	1797
2089	306
2089	350
2089	2085
2090	306
2090	350
2091	218
2091	306
2091	2075
2092	109
2093	109
2093	741
2093	831
2099	490
2099	868
2099	1526
2099	2425
2101	702
2102	1309
2102	1912
2102	2385
2103	1309
2103	1912
2103	2385
2105	490
2106	36
2106	2094
2107	36
2107	399
2107	1505
2107	1781
2108	693
2108	1519
2110	1085
2110	1421
2110	1975
2110	2109
2111	711
2115	2117
2116	356
2116	1218
2118	229
2118	1894
2118	2117
2119	33
2119	218
2121	33
2121	2001
2121	2122
2127	1119
2127	2124
2127	2130
2128	1119
2129	1111
2129	1119
2129	1273
2131	1463
2131	2182
2131	2133
2132	1463
2132	1482
2132	1683
2134	1351
2135	175
2135	2282
2136	737
2136	1121
2136	1655
2136	1671
2137	1487
2137	1671
2138	548
2138	598
2139	24
2139	1636
2139	2140
2141	24
2141	1636
2143	1367
2143	1777
2143	1787
2145	18
2145	1512
2145	2095
2145	2144
2148	1101
2148	2146
2149	374
2151	93
2151	1224
2152	1224
2152	2385
2153	973
2153	1224
2153	2155
2154	1224
2156	651
2156	1224
2156	2024
2158	2157
2159	2157
2159	2160
2161	2160
2164	2217
2164	2282
2165	118
2165	279
2165	1343
2166	118
2167	957
2177	644
2177	2367
2179	440
2183	95
2183	525
2183	2180
2184	441
2185	1131
2185	1133
2185	1500
2185	1538
2187	172
2187	756
2187	1472
2187	1692
2188	454
2190	454
2192	144
2192	213
2192	537
2193	2194
2195	1333
2195	2194
2196	2181
2200	95
2200	1580
2200	2199
2201	95
2201	552
2201	2199
2202	734
2202	736
2202	751
2202	2181
2204	1951
2204	1952
2205	48
2205	788
2205	1952
2206	48
2206	1951
2206	1952
2207	979
2207	2241
2208	1483
2209	1647
2210	104
2211	1065
2211	2356
2212	708
2212	710
2212	2216
2213	51
2213	710
2214	51
2214	2216
2215	51
2215	457
2215	1724
2215	2216
2219	485
2219	1838
2222	75
2222	284
2222	2224
2222	2225
2223	75
2223	84
2223	284
2223	2224
2226	84
2226	284
2226	2224
2229	266
2229	809
2230	482
2230	606
2231	2182
2232	315
2232	2182
2233	2182
2233	2291
2235	1955
2236	151
2236	805
2237	1240
2237	2238
2239	2238
2242	2241
2244	281
2244	2243
2245	2243
2246	2243
2246	2247
2250	348
2251	121
2251	1158
2252	121
2252	1158
2253	1697
2254	1146
2256	102
2257	1728
2259	2335
2260	1417
2261	718
2261	1474
2262	1015
2262	1143
2263	94
2263	1015
2266	1395
2267	1395
2271	1441
2272	1441
2273	1441
2274	1370
2274	1441
2274	1527
2275	1441
2275	1954
2276	868
2276	1115
2277	734
2278	1359
2279	110
2279	565
2279	2466
2281	1131
2281	1842
2281	2405
2283	1131
2283	1382
2284	1901
2285	989
2286	1901
2287	610
2287	826
2288	610
2289	444
2289	584
2289	623
2289	2464
2292	2291
2293	1535
2293	2155
2294	2155
2299	1795
2300	1196
2301	733
2302	733
2302	1692
2303	45
2303	733
2304	465
2304	733
2304	2385
2307	482
2307	1067
2307	1742
2308	482
2310	1920
2311	2056
2312	61
2312	1333
2313	873
2313	1708
2314	767
2314	1708
2315	1344
2316	1343
2317	25
2317	1928
2318	1681
2318	1779
2319	695
2319	1681
2319	1682
2320	1681
2320	1682
2321	1682
2322	1705
2323	344
2323	1444
2324	1282
2324	1735
2324	1776
2326	1782
2326	1998
2327	1778
2330	861
2330	2203
2330	2329
2331	2144
2331	2329
2332	1481
2332	1669
2333	1042
2334	174
2334	1725
2338	1558
2338	2555
2339	843
2339	1558
2340	1558
2343	30
2344	279
2344	1080
2345	1692
2346	1469
2346	1692
2346	2349
2347	456
2347	544
2347	1692
2348	576
2348	1692
2348	2001
2350	1178
2350	1417
2350	1529
2352	577
2352	1129
2353	577
2353	1129
2354	577
2355	94
2355	2356
2355	2357
2360	27
2360	606
2361	606
2362	442
2363	1555
2366	1738
2368	2367
2369	2367
2370	2367
2371	1147
2371	2367
2372	480
2372	687
2372	2359
2374	20
2375	20
2375	371
2375	2270
2377	372
2378	2001
2379	1107
2379	2001
2380	91
2380	2001
2380	2123
2381	1662
2381	1666
2381	2001
2382	814
2382	1158
2382	2383
2384	1655
2386	299
2386	885
2389	1740
2389	2451
2391	1740
2391	2390
2391	2451
2392	1740
2392	2451
2393	368
2393	1634
2396	2394
2397	2394
2398	1662
2400	43
2400	963
2401	375
2401	963
2401	2434
2403	836
2404	1912
2407	573
2407	643
2407	1313
2408	434
2408	1693
2409	716
2413	1725
2415	915
2415	2597
2416	1152
2419	65
2419	74
2419	1848
2420	640
2422	1920
2423	279
2423	304
2423	518
2424	1839
2426	2425
2430	201
2435	375
2436	989
2436	1507
2436	2112
2437	167
2439	867
2439	1229
2439	2530
2440	657
2440	867
2440	1229
2440	2530
2441	1229
2441	1599
2443	1742
2445	464
2445	580
2445	1742
2445	2503
2447	609
2447	2446
2452	2451
2453	1839
2454	26
2454	99
2454	122
2455	26
2455	99
2455	122
2455	123
2456	817
2459	760
2460	760
2460	1599
2463	89
2463	584
2463	1157
2465	515
2465	1102
2465	2464
2467	2017
2469	1475
2470	1475
2471	48
2474	243
2475	1928
2478	124
2480	1359
2481	610
2482	167
2486	2147
2489	1608
2490	94
2491	1360
2491	1899
2493	157
2494	417
2495	833
2496	2290
2498	271
2498	299
2498	1484
2499	1117
2500	722
2500	1567
2500	1874
2504	137
2504	2095
2504	2144
2505	406
2507	353
2507	1250
2507	2221
2508	507
2508	1300
2508	1941
2510	1899
2511	2203
2514	1154
2514	2515
2516	801
2519	1365
2519	2114
2519	2509
2520	1428
2520	1484
2522	657
2522	867
2523	657
2523	867
2524	1202
2524	1428
2524	2336
2525	154
2525	2220
2527	540
2528	826
2528	1226
2531	1026
2535	2534
2536	1307
2542	843
2543	269
2543	1000
2543	2247
2546	466
2546	628
2547	515
2548	582
2549	582
2550	1812
2551	269
2552	2306
2554	1136
2556	626
2556	1610
2557	1610
2558	626
2558	1610
2560	1717
2563	1050
2572	2570
2573	2570
2575	1008
2576	2056
2577	1235
2578	27
2579	972
2579	1086
2580	186
2580	972
2580	1536
2581	449
2582	1862
2584	876
2585	558
2587	1046
2588	2114
2589	1185
2590	1185
2590	1469
2590	1498
2591	1552
2592	793
2592	1903
2593	1741
2594	218
2595	833
2596	1725
2596	1745
2596	1751
2599	961
2599	1728
2599	2555
2601	1488
2604	99
2604	123
2605	1348
2607	1003
2609	411
2610	1049
2613	1095
2615	332
2616	1737
2621	1959
2622	145
2630	1957
2637	2120
2638	447
2640	1519
2641	936
2642	16
2642	364
2642	1756
2643	111
2645	258
2645	706
2645	1443
2646	194
2647	243
2647	473
2648	243
2651	59
2651	105
2651	2476
2652	357
2652	871
2653	1920
2654	403
2661	12
2662	12
2663	1432
2670	2679
2672	2671
2673	492
2673	1257
2673	2671
2674	1109
2674	2671
2675	1109
2675	2671
2677	1257
2678	492
2678	1135
2678	1257
2682	177
2682	2679
2683	2681
2684	1320
2684	1349
2685	732
2685	1718
2686	1554
2687	1554
2688	1554
2702	186
2702	1536
2706	165
2706	1473
2707	165
2707	598
2707	1473
