2
2054
6
2056
2059
12
2063
16
17
18
20
2071
24
25
26
27
2075
30
2080
33
2083
36
2085
38
39
43
45
2094
2095
48
2096
51
52
55
56
59
2109
61
2112
65
2114
2117
2120
2122
74
2124
75
2126
2123
81
2130
84
2133
88
89
91
2140
93
94
95
2144
2146
99
2147
102
103
104
105
2155
107
109
110
111
2160
2157
2163
118
119
2168
121
2169
122
124
2172
126
123
2176
128
2178
132
133
2182
2181
2180
137
139
2189
142
144
145
146
2194
148
2198
2199
151
152
154
155
156
2203
157
160
162
165
167
2216
2217
172
2221
2220
175
2224
2225
173
2227
180
174
177
186
189
2238
191
2241
194
2243
2247
2248
201
202
210
211
213
218
2268
2269
2270
228
229
230
231
2282
236
239
2290
2291
243
251
255
2305
258
2306
257
2309
264
266
269
271
279
281
2329
284
2335
2336
290
297
299
2349
302
2351
304
306
308
2356
310
2359
2357
2358
311
315
316
2365
2367
323
327
2376
332
2383
2385
2387
2388
341
2390
344
2394
2395
348
350
353
356
2405
357
364
368
2418
371
372
374
375
2425
377
383
2434
389
391
392
394
397
2446
399
2448
401
2450
2451
402
403
405
406
409
411
415
2464
417
2466
423
2472
2476
429
434
436
2485
438
437
440
441
442
443
444
2492
447
449
452
2501
454
2503
456
457
458
2509
464
465
466
2515
2518
470
472
473
476
480
482
2530
484
485
2534
487
486
490
2538
492
2553
505
2555
506
507
514
515
2564
518
519
2570
525
534
537
540
544
548
2597
549
552
553
558
565
2614
567
573
576
577
578
580
581
582
584
591
596
598
603
606
609
610
621
622
2671
623
626
628
2679
2681
638
640
643
644
645
647
650
651
657
661
671
681
687
689
693
695
696
698
701
702
706
708
710
711
716
718
719
722
725
729
732
733
734
735
736
737
739
741
743
744
745
747
748
751
756
760
764
766
767
783
788
790
793
794
797
798
800
801
805
807
808
809
814
817
819
826
827
831
833
834
835
836
842
843
849
857
859
861
863
867
868
869
871
873
875
876
883
885
889
895
897
898
899
901
904
915
935
936
957
961
962
963
965
972
973
979
982
985
989
994
998
1000
1002
1003
1008
1013
1015
1016
1022
1026
1035
1038
1041
1042
1045
1046
1049
1050
1054
1062
1065
1067
1070
1072
1080
1083
1085
1086
1089
1093
1094
1095
1096
1098
1101
1102
1103
1107
1109
1111
1115
1117
1119
1121
1129
1131
1133
1135
1136
1143
1146
1147
1148
1152
1154
1157
1158
1169
1171
1176
1177
1178
1182
1185
1195
1196
1199
1202
1203
1204
1218
1221
1224
1226
1229
1235
1240
1245
1250
1256
1257
1262
1269
1271
1273
1281
1282
1284
1287
1296
1300
1301
1303
1307
1309
1311
1313
1316
1317
1320
1325
1333
1336
1340
1343
1344
1348
1349
1351
1354
1358
1359
1360
1365
1367
1370
1377
1382
1395
1401
1402
1405
1409
1413
1416
1417
1421
1427
1428
1432
1441
1443
1444
1462
1463
1464
1469
1470
1472
1473
1474
1475
1477
1481
1482
1483
1484
1487
1488
1498
1500
1501
1502
1505
1507
1510
1512
1519
1520
1526
1527
1528
1529
1530
1531
1533
1534
1535
1536
1538
1542
1543
1552
1554
1555
1558
1566
1567
1577
1579
1580
1583
1593
1599
1602
1604
1608
1610
1616
1618
1620
1622
1623
1624
1627
1628
1634
1635
1636
1645
1647
1650
1652
1653
1655
1662
1664
1665
1666
1669
1670
1671
1675
1676
1681
1682
1683
1687
1692
1693
1697
1701
1702
1703
1705
1708
1711
1713
1714
1717
1718
1723
1724
1725
1728
1729
1731
1735
1737
1738
1739
1740
1741
1742
1743
1745
1750
1751
1754
1756
1758
1759
1761
1762
1765
1772
1776
1777
1778
1779
1781
1782
1785
1787
1791
1794
1795
1797
1798
1799
1803
1805
1810
1812
1824
1828
1829
1830
1834
1837
1838
1839
1842
1846
1848
1849
1856
1862
1869
1873
1874
1880
1882
1884
1889
1894
1896
1898
1899
1901
1902
1903
1907
1911
1912
1913
1914
1920
1926
1927
1928
1929
1936
1941
1944
1950
1951
1952
1954
1955
1957
1958
1959
1964
1966
1973
1975
1978
1984
1986
1996
1998
2001
2003
2016
2017
2018
2024
2025
2034
2045
2046
