11
13
16
21
24
44
47
57
63
66
71
73
74
76
84
92
96
108
116
129
132
163
172
186
188
215
218
225
228
236
246
250
256
259
274
280
294
303
306
312
318
345
371
392
414
423
429
434
441
442
449
451
465
472
477
478
479
482
490
493
502
506
510
511
523
538
552
562
565
582
584
588
601
632
633
634
636
639
641
649
650
658
661
682
683
684
686
688
689
690
699
712
738
750
760
783
785
804
807
831
851
862
869
871
879
897
900
902
917
927
929
937
938
944
947
954
965
983
985
986
999
1009
1020
1029
1033
1101
1107
1111
1123
1133
1134
1155
1158
1159
1186
1207
1240
1241
1263
1274
1287
1288
1333
1335
1336
1338
1350
1354
1357
1375
1376
1381
1403
1407
1412
1413
1419
1425
1427
1463
1479
1498
1512
1513
1531
1532
1536
1540
1548
1555
1560
1565
1568
1570
1574
1577
1584
1593
1599
1608
1613
1617
1624
1626
1632
1636
1643
1663
1666
1687
1698
1703
1715
1734
1754
1756
1764
1765
1775
1782
1791
1838
1845
1857
1860
1877
1878
1908
1910
1922
1933
1938
1954
1959
1975
1979
1980
1999
2007
2027
2034
2055
2057
2062
2074
2082
2091
2102
2114
2116
2127
2137
2138
2151
2165
2169
2192
2207
2209
2215
2231
2232
2244
2245
2255
2287
2295
2310
2311
2319
2334
2338
2343
2364
2368
2369
2396
2399
2408
2412
2415
2417
2421
2428
2429
2432
2437
2443
2447
2453
2462
2464
2465
2466
2468
2472
2484
2532
2541
2543
2561
2563
2575
2577
2585
2586
2590
2593
2596
2597
2614
2616
2622
2634
2635
2658
2667
2673
2677
2692
2702
