0	3
1	4
8	3
9	2
10	0
11	0
13	3
28	2
29	4
34	2
35	0
40	3
46	2
47	5
49	4
50	5
53	2
54	1
57	3
60	0
62	0
64	2
67	5
68	2
70	5
71	2
72	2
76	5
77	6
79	0
80	0
82	4
83	2
85	1
87	6
92	6
96	6
97	5
100	0
101	2
108	6
113	5
114	5
115	5
116	6
125	5
129	5
130	5
131	1
134	1
135	1
136	1
138	1
140	4
141	3
143	3
147	3
150	3
159	3
161	0
164	0
166	4
168	3
170	2
171	3
176	1
178	3
179	3
183	3
185	3
188	2
192	3
193	5
195	0
196	4
197	3
199	4
204	0
205	3
207	3
209	4
214	0
215	3
216	3
217	4
219	3
220	5
221	2
223	2
224	4
226	3
227	2
233	5
234	1
235	3
238	5
241	5
248	4
249	5
253	3
254	3
256	3
262	6
263	2
265	5
268	2
273	3
274	0
275	4
276	0
278	3
280	0
282	5
286	4
289	2
291	3
294	1
295	3
296	2
298	3
300	5
301	2
303	1
305	0
309	3
312	2
314	3
317	4
320	4
321	3
322	2
324	0
325	4
326	2
328	2
329	1
330	4
331	6
333	2
334	0
335	3
336	3
338	3
340	4
342	1
343	3
345	3
346	2
349	5
351	3
352	3
354	0
359	2
360	5
361	4
362	4
363	2
367	2
373	0
376	5
378	4
381	4
382	3
384	1
386	3
387	3
388	5
393	5
395	3
400	5
412	6
413	3
414	6
416	3
418	3
420	4
421	3
424	5
425	2
427	2
430	4
433	3
435	4
439	2
446	0
450	4
451	5
453	3
455	3
460	1
461	0
467	0
468	5
471	6
478	0
479	5
488	4
489	2
493	2
494	2
496	0
500	3
501	2
502	0
503	3
504	6
509	3
510	3
511	3
513	2
516	5
521	3
523	4
527	0
529	4
530	0
531	0
532	3
533	2
536	2
539	6
543	0
546	3
547	3
550	6
551	6
554	3
555	3
556	1
557	2
559	5
561	3
564	2
566	3
568	3
569	2
570	3
571	3
572	0
574	3
579	3
590	3
593	4
595	3
597	3
599	3
600	6
602	4
605	3
607	3
613	2
614	0
615	2
617	3
619	0
620	3
624	0
629	2
630	3
631	2
633	3
634	5
637	3
642	0
646	5
648	5
649	3
652	4
655	1
656	1
658	3
659	0
660	1
664	3
667	0
668	5
669	3
673	3
674	3
675	4
676	5
678	3
679	0
680	0
682	6
683	1
684	2
686	2
688	4
690	3
691	4
697	3
699	3
703	5
705	4
709	5
712	6
714	4
715	4
717	0
720	5
723	2
724	6
726	4
727	3
740	4
742	2
746	3
749	4
750	5
752	2
753	0
754	2
755	5
757	2
759	4
761	4
762	2
763	0
765	3
768	3
769	0
770	3
773	1
775	3
776	4
777	0
781	3
784	3
785	3
787	4
789	4
791	3
795	3
799	3
802	4
804	4
806	2
813	4
818	3
820	2
822	5
825	2
828	4
830	6
837	4
839	0
840	5
841	3
844	5
845	3
846	3
847	6
848	2
850	6
853	2
856	4
858	0
860	2
862	4
864	1
866	3
870	3
872	4
874	3
878	5
879	3
880	0
881	2
882	2
884	4
886	3
888	0
890	5
891	6
892	3
894	3
896	5
902	2
906	4
907	6
908	6
912	4
914	3
916	3
918	3
919	2
920	3
921	6
922	4
924	4
926	3
927	3
928	3
929	2
933	2
934	4
937	1
940	5
942	3
943	4
946	4
950	6
951	2
955	6
956	4
958	1
960	3
966	0
968	1
971	5
976	2
977	2
978	2
981	3
983	4
988	3
990	3
992	0
993	6
995	5
997	3
999	2
1001	4
1004	3
1006	0
1009	1
1010	4
1011	1
1014	3
1017	3
1021	4
1023	3
1025	0
1027	6
1028	5
1029	5
1030	2
1031	3
1033	2
1037	2
1039	5
1043	5
1047	0
1052	3
1053	3
1055	3
1056	3
1058	0
1060	5
1061	4
1063	4
1064	4
1068	4
1069	0
1073	3
1074	6
1075	3
1078	0
1081	4
1082	4
1087	4
1088	1
1091	3
1092	3
1099	3
1100	3
1104	0
1105	5
1106	3
1113	5
1114	2
1122	5
1123	2
1124	3
1125	0
1128	5
1130	3
1132	3
1134	3
1137	0
1138	4
1140	1
1141	4
1142	1
1144	1
1145	2
1151	3
1153	4
1155	2
1159	3
1161	2
1162	4
1163	6
1164	2
1165	6
1166	3
1167	5
1168	5
1172	0
1173	2
1175	3
1179	5
1180	1
1187	0
1191	3
1192	3
1193	1
1194	4
1197	1
1198	0
1200	3
1201	3
1205	2
1206	4
1207	4
1209	2
1211	3
1212	3
1217	3
1219	3
1220	0
1222	5
1227	5
1228	0
1230	4
1232	0
1237	5
1238	2
1239	3
1241	3
1242	3
1243	2
1246	4
1248	1
1249	2
1252	2
1253	1
1254	2
1255	4
1258	1
1259	0
1261	4
1264	4
1265	4
1266	4
1267	5
1268	0
1270	3
1274	3
1275	0
1276	5
1278	3
1280	2
1283	1
1285	0
1288	6
1289	3
1291	6
1292	2
1293	0
1294	3
1295	3
1297	3
1299	3
1304	1
1305	2
1306	2
1308	2
1312	5
1314	5
1315	3
1318	4
1319	3
1321	3
1323	3
1326	3
1328	6
1329	3
1330	0
1331	3
1332	0
1335	1
1338	5
1339	2
1341	0
1342	4
1345	2
1347	3
1350	4
1352	0
1353	5
1355	3
1357	0
1361	2
1362	6
1363	3
1366	4
1368	5
1369	4
1373	2
1374	0
1376	0
1379	4
1380	4
1381	4
1383	2
1384	2
1385	4
1386	3
1389	2
1390	4
1391	0
1392	3
1394	5
1397	0
1398	2
1403	3
1406	4
1420	6
1423	3
1425	4
1426	2
1429	4
1430	2
1431	2
1433	2
1434	3
1435	0
1440	3
1445	3
1446	3
1447	3
1449	4
1450	3
1451	4
1452	4
1453	3
1454	4
1455	5
1458	3
1459	1
1460	3
1461	4
1465	3
1466	2
1467	0
1468	0
1471	2
1478	5
1480	2
1485	6
1486	2
1490	1
1491	4
1492	2
1493	4
1494	5
1495	6
1497	3
1504	6
1506	2
1508	3
1509	2
1511	3
1513	2
1514	3
1515	0
1516	2
1517	0
1518	4
1521	0
1522	4
1523	0
1524	0
1532	4
1537	5
1539	6
1540	0
1545	4
1547	1
1548	3
1549	5
1550	2
1551	1
1560	1
1561	1
1562	2
1564	1
1565	2
1569	4
1570	3
1571	1
1573	3
1574	3
1575	3
1576	3
1581	3
1584	1
1585	4
1586	2
1587	6
1589	2
1590	3
1596	2
1601	2
1605	3
1606	2
1607	3
1609	1
1611	3
1612	2
1614	3
1615	3
1617	2
1619	5
1625	2
1626	4
1629	2
1630	5
1631	0
1632	2
1633	3
1637	0
1638	1
1639	4
1640	1
1641	3
1643	4
1644	0
1646	2
1649	4
1651	1
1656	1
1657	3
1658	0
1660	6
1663	3
1667	4
1668	2
1672	0
1674	6
1678	3
1679	3
1680	0
1685	2
1688	4
1689	2
1690	5
1695	0
1696	0
1698	6
1699	1
1700	5
1706	2
1707	5
1712	2
1715	2
1722	2
1726	2
1727	2
1730	2
1733	2
1744	2
1746	2
1747	2
1748	2
1752	2
1753	2
1755	2
1757	2
1760	2
1764	5
1766	2
1767	1
1768	1
1771	1
1774	4
1783	1
1786	1
1788	1
1790	1
1792	3
1793	4
1796	4
1800	1
1802	3
1806	3
1808	3
1809	3
1811	3
1813	3
1814	3
1815	3
1816	3
1817	3
1819	3
1820	3
1822	3
1823	3
1831	2
1832	2
1833	2
1835	6
1836	6
1840	5
1843	0
1844	3
1845	5
1847	0
1852	3
1853	3
1854	1
1855	3
1857	3
1858	3
1859	3
1860	3
1861	3
1863	3
1865	3
1866	3
1867	3
1872	3
1875	3
1876	3
1877	3
1878	5
1883	5
1885	5
1886	2
1887	2
1888	2
1890	4
1891	4
1892	0
1893	3
1895	2
1897	5
1900	6
1904	5
1905	0
1910	0
1915	6
1916	6
1917	6
1918	6
1921	0
1922	0
1923	0
1924	3
1925	0
1930	0
1931	3
1932	3
1934	3
1937	3
1939	3
1942	3
1943	3
1948	3
1949	3
1953	5
1956	5
1960	5
1961	5
1962	5
1963	5
1965	4
1967	4
1968	4
1969	4
1970	4
1971	4
1972	6
1974	5
1976	6
1977	3
1981	0
1982	5
1983	0
1985	4
1987	3
1988	3
1989	2
1990	2
1991	1
1992	3
1993	3
1994	3
1995	3
1997	3
1999	3
2000	3
2002	4
2004	3
2005	3
2006	3
2007	3
2008	3
2010	0
2011	3
2012	3
2013	6
2014	3
2015	6
2019	0
2020	4
2022	6
2023	5
2026	1
2027	3
2028	3
2029	5
2030	6
2032	3
2033	3
2035	3
2036	3
2037	3
2038	3
2039	3
2040	4
2041	3
2042	3
2043	4
2044	3
2047	0
2048	1
2049	0
2050	6
2051	0
2052	0
2053	0
2055	0
2057	0
2060	5
2061	5
2062	5
2064	3
2066	3
2067	3
2068	0
2069	0
2070	0
2072	0
2073	0
2074	0
2078	3
2079	1
2081	1
2082	1
2084	1
2086	1
2087	1
2088	1
2089	0
2090	1
2091	3
2092	1
2093	1
2099	0
2101	5
2102	5
2103	5
2105	5
2106	1
2107	1
2108	3
2110	6
2111	5
2115	3
2116	0
2118	3
2119	3
2121	4
2127	4
2128	3
2129	3
2131	0
2132	6
2134	6
2135	6
2136	0
2137	0
2138	3
2139	3
2141	3
2143	1
2145	1
2148	3
2149	3
2151	6
2152	3
2153	4
2154	6
2156	0
2158	6
2159	6
2161	6
2164	6
2165	6
2166	5
2167	2
2177	3
2179	0
2183	0
2184	5
2185	5
2187	3
2188	5
2190	6
2192	6
2193	0
2195	0
2196	0
2200	0
2201	0
2202	0
2204	3
2205	3
2206	3
2207	3
2208	1
2209	6
2210	1
2211	0
2212	3
2213	3
2214	3
2215	3
2219	0
2222	4
2223	4
2226	4
2229	3
2230	3
2231	0
2232	0
2233	0
2235	5
2236	4
2237	4
2239	4
2242	3
2244	3
2245	3
2246	0
2250	4
2251	1
2252	1
2253	3
2254	1
2256	5
2257	1
2259	4
2260	4
2261	4
2262	4
2263	4
2266	0
2267	0
2271	5
2272	5
2273	5
2274	0
2275	5
2276	3
2277	0
2278	6
2279	2
2281	5
2283	3
2284	5
2285	5
2286	5
2287	5
2288	5
2289	4
2292	4
2293	0
2294	4
2299	4
2300	1
2301	3
2302	3
2303	3
2304	3
2307	2
2308	3
2310	3
2311	0
2312	0
2313	2
2314	3
2315	3
2316	3
2317	3
2318	1
2319	1
2320	3
2321	0
2322	1
2323	4
2324	1
2326	1
2327	1
2330	0
2331	1
2332	0
2333	0
2334	2
2338	3
2339	3
2340	3
2343	3
2344	3
2345	3
2346	3
2347	0
2348	3
2350	4
2352	4
2353	4
2354	4
2355	4
2360	0
2361	3
2362	4
2363	5
2366	2
2368	3
2369	3
2370	3
2371	3
2372	2
2374	5
2375	5
2377	1
2378	4
2379	4
2380	4
2381	3
2382	4
2384	0
2386	4
2389	2
2391	2
2392	2
2393	4
2396	6
2397	6
2398	3
2400	4
2401	4
2403	3
2404	0
2407	5
2408	0
2409	2
2413	3
2415	2
2416	4
2419	0
2420	3
2422	6
2423	6
2424	0
2426	3
2430	3
2435	4
2436	4
2437	3
2439	2
2440	2
2441	2
2443	2
2445	2
2447	2
2452	2
2453	0
2454	6
2455	6
2456	5
2459	3
2460	2
2463	4
2465	4
2467	6
2469	0
2470	0
2471	3
2474	4
2475	3
2478	1
2480	6
2481	5
2482	3
2486	3
2489	3
2490	4
2491	5
2493	3
2494	3
2495	3
2496	4
2498	4
2499	0
2500	3
2504	1
2505	1
2507	2
2508	3
2510	5
2511	0
2514	2
2516	5
2519	3
2520	4
2522	2
2523	2
2524	4
2525	2
2527	5
2528	5
2531	3
2535	3
2536	4
2542	3
2543	3
2546	2
2547	4
2548	4
2549	4
2550	3
2551	3
2552	3
2554	2
2556	2
2557	2
2558	2
2560	2
2563	4
2572	3
2573	3
2575	0
2576	0
2577	3
2578	0
2579	3
2580	0
2581	2
2582	3
2584	1
2585	2
2587	4
2588	3
2589	3
2590	3
2591	1
2592	5
2593	3
2594	4
2595	3
2596	2
2599	3
2601	3
2604	6
2605	3
2607	3
2609	3
2610	3
2613	3
2615	4
2616	2
2621	5
2622	6
2630	3
2637	4
2638	6
2640	3
2641	2
2642	2
2643	2
2645	4
2646	4
2647	4
2648	4
2651	2
2652	2
2653	0
2654	2
2661	4
2662	4
2663	3
2670	4
2672	4
2673	4
2674	4
2675	4
2677	4
2678	4
2682	4
2683	4
2684	4
2685	2
2686	3
2687	3
2688	3
2702	0
2706	3
2707	3
