301 16
11 0.6389009 -0.098752335 -0.8086234 -1.3424646 -0.36917895 0.16683151 0.381533 0.30861366 0.2998212 0.17337902 -1.7077409 0.6324988 -0.25533825 0.26119673 0.19597457 -0.555319
13 -0.7439743 0.85988486 0.9709832 -0.2544491 -1.7089176 0.8974813 1.3042573 -1.6707712 1.2584482 -0.38154957 0.45998263 1.014875 -1.6764246 0.30928403 1.8118579 0.26610968
16 1.8084984 1.1230245 1.0505513 0.23341832 -1.1174203 -0.5453912 1.3957647 0.123331994 -0.11353101 -0.25875878 -0.5651999 0.9090408 -0.0039130435 1.2438126 0.13627909 -0.35182258
21 -0.31914598 -3.508822 -1.759681 1.8002423 -0.65031576 -0.67782176 -1.3666543 0.74123734 -0.74890745 1.3014123 -0.61780405 0.3519815 -0.0107082985 -0.2500883 -1.0070864 -1.2850238
24 -1.1800916 1.0813113 -0.6337929 0.57697386 -0.67269295 -0.1679335 0.18607524 0.007915291 -0.9347097 1.2804085 0.5134209 -1.9632715 -0.4413021 0.47792193 1.0364002 -0.47393346
44 -0.08162313 -0.3323155 1.9872814 1.5890445 -0.56947595 0.044982422 0.3375118 -1.151937 0.48562685 -0.28600633 -1.1247296 -0.45480427 -0.22828114 1.3527056 -0.43774244 -0.47437695
47 -2.0092375 0.29219705 0.3646045 0.11739042 -1.0922344 -0.26224497 1.3761792 0.52784663 0.5492073 -0.40267447 -0.92841446 0.6944252 0.8650666 1.3888968 0.7143211 1.1248704
57 -0.49208474 0.21147265 0.11170596 -0.8058926 1.235315 -0.383411 -0.47908255 -1.1662862 -1.38828 -0.22191896 -0.908972 0.04842278 -0.7400253 -0.50901055 -0.030403217 -0.18617867
63 -2.594743 1.4630654 2.833994 0.2451523 0.42871565 0.8347086 0.43138438 0.532085 3.0812032 -0.0846808 0.67061687 0.5642709 -0.2135925 -1.8111944 2.3486803 0.15376335
66 -1.3380089 0.017737798 1.1098217 1.8966035 -0.1440486 0.2855075 -1.1058751 -0.4160645 0.89069235 0.46121362 -0.0060426528 0.56170565 0.246668 -0.6902106 1.1069783 0.13500434
71 0.7377088 -2.19559 0.20618442 -1.0791008 1.4632909 0.71034664 1.0241017 1.4214786 -0.24945182 -0.19629781 0.020561919 -1.1002795 0.3513112 2.8203912 0.07579227 0.45730293
73 1.2193034 -0.64600164 0.060890242 -1.0078089 -0.21532527 -0.33288795 -0.7302764 0.25016347 1.8063282 0.76526284 -1.0897489 -0.20300613 -1.0909255 -0.96520394 -0.24746318 -0.11111021
74 -1.4843471 -0.44184676 0.4198955 0.054280184 0.73700756 -0.26748094 0.3900047 -0.09924541 -0.16488616 -0.12013343 -0.16524567 -0.7775725 2.1638544 -1.3681688 0.32981429 -0.54480505
76 0.08610426 0.39896348 -0.13462305 -1.6733766 -1.4900401 -0.09611099 -0.028074754 0.124216616 0.9492205 0.96053106 0.74311006 0.45196375 -0.5220328 1.58928 0.0028078507 -0.6117349
84 -0.9263557 -0.21634427 -0.08199552 -0.5640284 0.65781 -0.3382553 -0.43268296 0.022513429 -1.3944087 0.36804765 -1.1461637 -0.4083367 1.1294078 0.3680732 -1.5808699 1.5212501
92 -0.35249943 -0.3714593 0.8088678 0.36577958 0.6686975 -0.22486457 -1.2808776 -0.6783293 -0.9182815 1.4643364 2.5884619 0.27933067 -1.1095451 0.33545732 0.01151613 -0.20296255
96 0.11937214 1.4431216 -1.811809 -1.4224695 -0.47000116 -0.20879468 1.4543298 -0.67187864 0.12565261 -0.14704676 0.37152007 0.029310204 -1.154587 1.2877096 1.9642363 -0.5065415
108 -2.161135 1.1215502 -0.6668924 0.7188823 -2.3410752 -0.30679622 -1.2607139 1.4642192 0.015925607 0.8272167 -0.65988153 0.6145406 1.1186626 0.8872976 -2.473564 0.6707601
116 -2.782292 1.4974041 -0.41139203 -1.5028614 -0.27496228 -1.0246484 0.32449993 -0.007914235 -0.24479476 0.6765306 -1.5939536 0.6178256 0.25680065 0.32076916 0.7158769 -0.8600095
129 -0.2006118 -0.78228545 -0.7758002 -0.05770421 1.1317314 -0.6273535 -0.4998154 -1.0981903 1.3513769 0.028017698 -0.29913333 0.7535691 -1.0140518 0.59123576 -0.4485587 0.3033543
132 0.30308717 1.2222742 -1.4655322 -1.4098899 -1.5037373 -0.68718636 0.82812095 0.67437065 0.23171188 2.1671274 -0.669035 0.97944295 0.836632 1.8843668 -0.47265464 0.2643366
163 -0.6543925 0.6412724 -1.509308 0.07862925 -0.1750062 1.026817 -2.754042 0.6123966 1.0820079 0.27117437 2.255793 0.30511913 0.34605214 -1.198256 -1.5089924 1.5151422
172 0.5326451 -1.1183951 -2.7412047 -0.23363899 -0.7310574 0.6006445 -0.663117 0.6705811 -0.9226329 0.37456816 1.7352313 -0.5725468 0.11165807 1.3027936 0.0040009804 -1.0008712
186 0.42002907 0.9246126 2.4280133 0.8419823 -0.3875455 -0.4525965 0.83065575 -0.5942648 -0.25235474 -0.9093034 -0.3335585 -1.4009821 0.32890534 0.4403869 1.737976 1.3538724
188 2.1456747 -0.1899728 -0.14724787 0.1260053 -0.70062256 -1.5971451 -0.45801693 0.1422609 -1.2227799 -1.4490279 -0.6263508 -0.8471765 0.9825228 0.82870173 -0.9904013 0.25077572
215 0.3056331 -1.1075561 -1.437203 0.6612002 -0.78910464 -0.20364684 0.33721584 2.3688765 -0.9170666 -2.165187 0.5654218 -1.3167542 -0.3217897 0.08775771 1.7764412 0.5174716
218 0.07519787 -0.12802011 -1.0061227 -0.8101593 1.5659795 0.32078126 -1.0744131 -0.024196342 1.1938692 -1.6669991 -0.6098551 0.34070697 1.0399299 -0.4381498 -2.2031903 -0.87548584
225 0.15936126 1.1251776 -1.131105 0.6992338 -0.8778915 -0.1045612 0.57149625 0.69845223 -0.3086352 0.44030854 -1.5407983 0.12787034 0.09911283 -0.0135288825 0.9890986 0.65855134
228 1.1200721 -0.5590112 -0.77620804 -0.78874356 0.17159978 0.005989774 -0.71807635 -1.6916842 -1.0909119 -2.6376224 -2.155421 -0.029309066 0.29303047 1.245001 -1.7260078 -0.5382948
236 -1.4937037 0.1751906 -0.15487555 -0.19416976 0.91336715 -1.6629416 2.0288482 0.2494662 -0.7486926 -0.32430035 0.16165756 0.9554774 -0.67288244 1.4820954 -1.8662126 -0.5645867
246 0.9046217 -0.74060047 1.5984533 1.2880473 0.59576267 0.2590972 -0.50117546 1.5517296 1.8941255 1.5172026 0.49697554 -1.4318707 -0.9071296 0.37704098 1.0951506 0.0905663
250 0.37398776 -0.87873304 0.9954251 -0.4492811 -1.4051925 0.71416545 0.9373152 -0.9803441 -0.30833843 -0.08444197 -0.33303064 0.8043358 -0.16337898 0.22222613 -0.08453691 0.26831532
256 0.8224073 -1.1511127 -0.0020613729 0.36670637 0.57476383 -0.42324463 1.3561978 -2.331004 -1.0536201 -0.8734535 -0.23606423 -1.0264302 -0.50376624 -0.22661422 -1.2016108 -0.5724222
259 -1.5523875 -1.1116335 0.7993389 -0.9287849 1.720379 -1.7108778 -0.267133 0.39482853 -0.36067766 0.9991652 0.7434542 -0.87348044 2.7266567 0.34999985 0.10611518 1.5947219
274 -0.68477947 1.0644133 0.2562133 -1.4472252 -0.7838071 0.7005279 -1.0434384 0.94715613 -1.5033672 1.4955547 0.05961937 -0.41201752 -0.8912096 -0.91750157 0.8949602 1.165379
280 1.0265496 -0.6230363 0.29464793 0.104272254 -1.1771278 0.4749569 0.19582279 -0.2634969 -1.4315549 1.3989005 -1.0237328 0.5465835 -1.1888363 1.1821115 1.1755944 0.87678725
294 0.40528908 1.2983326 -1.5119945 -0.75894785 0.48725548 0.70354617 -0.16049375 0.50442713 -0.9721372 -0.38691896 1.232262 -1.1585003 1.0001117 0.5602986 -0.6383111 -0.5716643
303 0.8749346 0.77534866 -0.71956146 0.47224155 -1.7699915 0.008967573 0.8941418 -0.55704707 0.1858229 1.1551079 -0.4913381 -0.64052224 -0.10492657 -1.2294477 0.2801234 1.5933614
306 0.8327885 0.12276182 -0.6225952 -1.6938673 1.8984501 -0.5205927 1.384916 -0.32764262 -0.56184703 -0.56473804 0.16893819 -2.780367 -0.40850633 0.41013595 0.15413739 0.828978
312 0.31130987 -0.45759314 -0.28354058 -0.666509 0.83420366 0.5042457 0.785466 0.05949658 -0.5410704 -0.21245602 -0.69599015 0.7996564 -0.52759796 -1.6273844 0.68148226 0.3947749
318 0.08246674 0.7840374 -0.3112149 0.35219702 1.1869174 0.26186585 1.6182681 0.41446802 1.303055 -0.38714013 0.7472746 -0.17341828 -1.1640369 0.87642384 -2.3058763 0.64841634
345 1.2673906 1.970056 -0.49155015 -0.087926924 0.6090327 1.5577977 -2.0751152 0.9378444 1.9142004 -2.166234 0.2937504 2.1525493 -0.45704564 -0.56987745 1.1242774 1.0783485
371 1.0380255 1.6056968 -1.4189929 0.741239 0.6196025 0.17340426 -0.62235343 -0.46208176 -1.3197434 0.35127592 1.5532314 -0.0022988261 -0.6693483 0.30388975 -0.055020384 -0.21290292
392 -0.37748337 -0.75509757 -1.1330144 -2.0422373 -0.14644694 -1.4144421 -1.8861341 -1.6128165 -0.35732868 0.96691746 -0.22026698 0.90049666 -0.1715158 0.44545645 -0.19313024 -0.18584445
414 0.03231178 -0.44228932 -1.4372989 -1.3303869 -0.9587993 0.14301227 -0.8581971 0.19894105 -0.91641885 0.07751514 -0.6886835 0.2052634 0.4181114 0.4451719 0.31594062 -0.45152748
423 0.17419659 0.0926512 -1.5237472 -0.49510854 0.17335106 -0.17958926 -0.80233014 -0.57229626 -1.6058297 0.6848602 -0.26520136 -1.2450302 0.0049712867 -0.9809592 0.64498305 -0.7584649
429 0.0031401543 0.31725797 -2.739485 -0.55184263 0.72172457 -0.54281396 0.7374534 -0.22046462 0.05035255 -1.4916048 0.94276 -0.7495547 0.23646086 0.46253327 -1.183513 0.84898067
434 0.9542139 -0.46926758 -0.8904753 0.021842595 -0.119603224 -0.17675833 0.4477072 -0.5668552 -0.101959884 1.3692596 0.18379119 0.034384906 -0.20976526 -0.09715019 -1.7521257 0.031338826
441 -0.931376 0.81374425 0.39668897 -1.5559868 -0.39457142 -2.5886729 -1.1424768 -0.6881636 -2.1315439 0.18507877 -0.42317367 -0.4654668 -0.20555487 -1.3319656 0.876142 -0.5906631
442 -1.1408833 -0.6430311 1.9029899 1.17878 -1.4164554 -0.10318597 2.4984975 0.8261497 -0.16576761 -0.557753 -0.52498025 -0.36874 -1.9583267 -0.25494298 -1.0773752 0.7326345
449 -1.8363538 -0.45552814 1.3767549 0.013594933 0.92098165 -1.1945493 1.0266386 1.2823763 -0.7372417 0.56888354 2.558284 -0.52610785 2.4402652 0.68142235 -0.56661975 1.375005
451 -1.3788618 0.5328597 -0.41794497 -0.9218378 0.03436486 -1.9821887 -0.608188 1.4736532 -1.0711673 0.773941 -0.42165634 0.8275569 -0.766027 0.4470305 0.43454868 0.4022325
465 -1.4435114 1.1171991 -2.0543654 0.16652365 -0.9698741 0.4330083 -1.0266985 -0.35227916 2.3654683 -0.5595726 0.2497952 2.086676 0.38750023 -0.37909085 0.05066399 1.5850048
472 -0.35216314 0.4239797 0.5128614 -0.78462577 1.4522766 1.004025 -0.48846984 -0.02590334 -0.98364294 -0.0153997475 -0.49289438 -0.5316518 0.7995953 -1.7476761 -0.64427316 0.52843606
477 -1.5177327 0.7339257 0.36823547 0.81313694 -0.3606372 -0.15830345 0.039182488 2.5820944 0.12933141 0.9373283 -1.2444698 0.34398785 -1.0190302 -2.2479615 1.0346601 2.3502123
478 1.1346514 0.056776945 -0.6885891 -0.53416836 -0.44615173 -0.087105505 1.09306 0.59510803 0.04694532 0.29913127 -2.4443817 0.1582301 -1.2651992 -0.27593186 0.14627238 0.109234944
479 -0.670619 0.9405932 -0.28593397 -0.0985381 -2.3924432 0.8968947 1.4786196 1.3780327 -0.65904623 -0.5363576 0.043271102 0.14677404 2.0242562 -0.11893365 0.9772159 0.5873007
482 0.39535227 -0.59721357 1.5189247 0.602748 -0.7177336 -1.3163351 -0.14605086 -0.948571 0.8554247 -0.61076224 1.1405817 0.8318496 -1.8791302 -1.2843984 0.89161557 1.1625913
490 0.23088266 0.86155564 -0.6026071 -0.5908013 1.420256 -0.28023127 0.5497867 -1.1482726 -0.40843785 -0.5847881 -0.26054978 -0.48156276 -1.1316023 0.10393037 0.035154536 0.16410205
493 -0.8594136 0.50858635 0.18975118 1.6066989 -1.7017515 1.4384284 -0.6473566 2.7678096 0.4946131 -0.67487156 0.34776717 0.6224502 0.14710136 -1.3198506 -0.067713335 -0.5570994
502 -1.680511 -0.8509308 -0.43984976 0.025690237 0.2123998 0.35403863 -0.5697414 -0.7844608 1.0032027 -1.1163936 -0.15734872 0.2132424 -0.21928462 -1.7106706 -0.53060883 0.603083
506 1.062275 0.6490764 -1.3443564 -0.29659662 0.050313994 -0.054202452 -0.8541827 0.8844625 0.5459023 -0.5264861 -0.5641788 0.1657031 0.079608664 1.334172 0.933768 0.74596906
510 -1.0485564 1.1807988 -0.54140234 0.47989255 0.20796376 1.5805808 -0.8639859 -0.56009614 -0.40328664 -1.0311506 -0.28461704 -1.8755442 -1.6982553 1.8793799 2.2842817 0.90975827
511 0.09808038 2.25736 1.1463406 -0.20412432 0.39075568 -0.49437347 -0.19328299 -2.3770833 0.09650365 2.0338116 1.0815643 -0.17284858 1.4440664 0.049635947 -0.986497 0.47294262
523 -0.28962973 -1.6266912 0.65201086 -0.584461 -0.7777678 -0.18904807 0.23739739 0.018221749 1.7256131 -1.1341761 0.74312913 0.53012264 1.8318613 0.8572843 -0.060220767 1.1573908
538 0.8942996 1.6310909 0.25583702 0.96795195 -0.78714025 0.63446206 -0.34623596 0.69843304 1.6586118 -1.0617574 1.2437083 -0.44959706 0.036136013 2.2186682 1.4568865 -1.7607102
552 0.5596019 0.86077344 1.4095216 1.2258343 -1.2485896 1.1438403 -0.28832355 0.74589974 2.3822393 -1.4636296 -1.211197 -0.81369376 -0.715876 0.5691465 0.23316216 -0.02725034
562 -0.19658136 1.4692371 -0.08090319 0.9579935 0.75679237 1.7749602 0.49415985 1.1900691 0.89940745 0.17699498 -0.01634128 1.2443223 0.5937166 -0.94482833 -0.6581101 0.8186989
565 1.3364584 -0.52935857 0.31741104 -0.22525403 -0.1519281 0.6798672 2.4709277 -0.29214704 0.794094 -0.13458551 -0.334541 -0.55979747 1.4164634 2.704221 -0.8851839 -0.53696436
582 -0.830905 -0.19471473 -0.32540214 -1.0408046 -0.4767335 -1.4077147 -1.9881884 0.24624161 -0.13786244 -0.18877311 -0.053764295 0.107885614 0.17059715 -1.0242215 -0.45112193 0.64393723
584 0.1838783 0.9492839 -0.9190994 0.86739016 -0.7355416 0.15975168 1.9889301 -0.32698375 -0.911582 1.5520552 0.9933464 -0.38720897 1.0059808 -0.43293175 0.41611603 -0.5172231
588 -1.402743 -0.2361547 -0.023731627 -0.30484813 0.94435287 0.96748495 -0.3838859 -0.11027517 -0.38233915 -1.1953733 1.032868 2.1885898 2.1724231 -0.26488394 -0.15153098 1.5146364
601 -2.188066 -0.2101938 -0.38042387 -1.614726 1.7770966 -1.317197 0.21775946 1.0233328 -0.52780044 0.017602377 1.1481005 -0.5038095 0.018680971 -0.93440807 0.82919115 -0.098353215
632 -0.39910024 1.0965767 0.7165905 -0.42212114 -0.016471406 -1.0526005 -0.028783785 -1.0151585 0.27988654 1.9154091 -0.09700419 -1.1246778 -0.8779275 -1.9978197 1.1744733 0.38576928
633 0.59270936 -1.4862897 0.23605908 -0.2547565 -0.78027475 0.68358254 0.097035915 0.68267375 -0.7780848 -1.1421083 -0.08329454 0.1342998 -1.2855142 -0.31658435 0.45129737 0.21125129
634 0.25104612 -0.33106932 -0.7193214 -0.6765217 -1.5689828 -1.0923644 1.0432574 -0.24217634 -1.0745585 -1.2387637 1.1305734 1.7247916 -0.7948608 -2.9226286 -0.5316516 -0.09264913
636 -0.734516 -0.35005847 1.2835557 -0.6821859 0.14538707 0.40856072 0.36503 0.115882576 1.2777165 -0.27642074 -0.7573846 -1.8283563 -1.5050962 1.5026635 0.6888507 0.15248875
639 0.58596694 -1.3333175 -0.5359046 -0.9183255 -0.7074881 -0.10189442 -0.5527461 -1.3200082 0.4026913 -1.9462754 -1.2359022 -1.9306148 -0.023281964 -2.4186995 -1.7900221 -0.3811505
641 1.2420267 0.08766832 -0.383329 -0.09016433 0.21469894 -1.0146273 0.30421498 0.54615647 1.201815 0.19894631 1.423191 -0.54948264 -0.03700259 -0.93612677 -1.2107687 2.1410065
649 -0.40717655 1.0559752 0.5755517 1.2747109 -0.696297 0.049946886 -0.57360405 -0.070928276 0.54651564 0.16367869 -0.059881344 -1.6793443 -0.42667082 -0.57625467 0.33170617 0.039523475
650 -0.7057342 1.0996313 0.4460983 -0.14204721 -0.20242374 -0.0130467145 -0.29353887 -0.100727655 0.33503035 -1.6244953 0.99287415 -0.4102289 0.9372605 -1.6070564 -1.8428135 -0.81669635
658 -0.4274065 -1.5503101 1.0422887 1.4917536 0.073114924 -0.81023383 -0.56864196 0.64721835 -1.2066044 1.6536338 -0.6057698 -2.0209956 -1.7205881 1.2990487 -0.18589935 1.386719
661 0.8911737 1.8564969 0.37303233 -0.7081125 -0.3674225 -0.28659558 0.7769049 -0.4599343 0.4899939 1.2487562 0.38390553 -0.95185184 2.48011 0.012769516 -2.165606 -1.105855
682 1.062055 -0.11748581 -1.1468652 0.32888243 -1.3903145 -0.65651107 -0.049476862 1.038153 -0.25572395 0.7200327 -0.32346183 0.8049046 -1.1412548 -0.37531283 1.3283026 -0.35397607
683 -1.1536019 -0.212077 1.4977149 -1.2193297 -1.2184255 -0.85814655 0.22773859 0.306957 0.36425737 0.77338636 -0.5371381 -0.17563836 -0.026619423 -0.75359756 -1.3527498 -0.49226558
684 1.0136834 -0.7706444 -0.47242507 -0.07797068 0.32045 0.29720694 0.20951875 0.40382 1.0514733 1.1075189 0.8775409 -0.4625379 -1.8993334 -0.29320478 -1.1207503 0.58372074
686 -0.7981481 -0.7820988 0.41170093 -0.19226155 -1.9295597 0.9993829 -0.8057332 -1.6546488 1.3453711 0.63422316 0.7563672 0.39618015 -0.50021863 0.9345795 1.7993151 -0.11128463
688 0.20056558 0.5586403 -0.75355333 0.32160464 -1.7380395 -0.23333828 0.087816104 1.1457646 -0.20644549 -1.7838122 1.1415917 0.53780174 0.3337973 1.2464929 0.71161985 -1.3140427
689 1.1202205 -2.3407001 0.30852157 -0.33977813 -0.05781552 -0.5369675 -0.3861646 -1.6382738 2.1924732 1.0286611 -0.30381596 -0.13168974 -2.7262838 -1.4035542 0.5461735 -1.4197986
690 0.6601181 -0.6831291 0.31958136 1.6336458 -0.6939027 -0.486834 2.5189338 0.89438653 -0.39163262 0.52235997 0.40812376 1.8533138 -2.5824602 -0.4347372 -2.2078595 0.65864366
699 -0.040590145 -0.29080883 0.007933486 0.04725123 0.25167108 0.20677944 -1.1081799 0.24282593 -0.89713335 -1.155839 1.096929 -0.7148508 -0.424743 -0.33499885 0.8872599 0.39774203
712 -1.502984 1.5808959 0.8473955 -0.2903979 -0.65565526 0.45930248 -0.0050401976 0.6709476 -0.74318045 0.36591208 -0.010414913 -1.3160774 -0.12412081 0.16917324 1.1330457 -0.9751362
738 0.261835 0.4279391 -1.4915601 2.1302435 0.746433 1.5609679 0.08364225 0.48859656 -1.2590533 0.2786363 -0.38788438 1.9793906 -0.37468967 0.41047233 1.3097944 -1.5831705
750 0.6852539 -1.5723244 0.87810737 0.29180652 0.427832 0.56360567 0.69199264 -1.6926292 -1.491426 -1.3360121 -1.5837377 0.038979206 0.23994438 0.63713235 0.40412274 0.3288073
760 -0.34869456 1.3256695 0.69928265 0.16775398 -0.8999822 -1.7548666 -0.32347438 0.92480314 0.16918702 -0.34267443 0.79816234 -1.2131073 1.5067244 -1.2192868 -0.98471487 0.13285229
783 0.3949184 0.8899211 -0.50132793 0.91354996 -0.75645685 -0.14971362 -0.3609647 -0.53447944 -0.35714272 -0.23710315 -1.5942049 -0.000888627 -0.31185952 -1.7630577 0.32751262 0.58051276
785 0.2907343 -0.6170266 -0.1400724 0.29389963 -2.0976746 0.94952214 0.013086957 0.33835548 -1.6326405 -0.034621336 0.23173547 -1.0032041 -0.73679954 -0.99885404 1.1377176 -1.0488852
804 -1.7663729 -0.5130447 -0.52311176 -0.4996605 1.1696532 -1.6721011 0.24434212 0.980205 -0.6280765 -0.32950106 -0.29027146 -1.9487163 -0.3274233 -0.16807717 -1.1094719 -0.3543755
807 -0.22207099 1.0211 1.5212097 -0.78668326 -1.480264 2.8261228 0.6942679 -0.9453484 -0.34458292 -1.5636837 -1.5502269 -0.43742806 0.72770435 1.1488794 0.83598256 -0.4302843
831 -0.02652381 -1.7702656 -1.0621817 1.3455632 -1.2002056 0.35057712 -0.4286387 -0.15827745 -1.136017 0.4308575 0.4440699 -1.4291335 1.4638008 2.1956174 -0.077233285 0.10134004
851 0.91194415 0.595568 0.94839627 0.8081581 2.5938942 -0.29396054 0.21211983 1.463891 1.4124132 -1.1449939 0.16035272 -0.6998763 -0.0575938 1.0495387 -0.80514425 1.1173204
862 -0.21875788 -0.13591605 0.10560019 0.34754267 -0.3439122 -0.867883 0.790942 0.3167125 0.040475033 0.6565386 0.3988344 0.99313754 0.26428887 -0.17372943 0.22229452 -0.18590575
869 -0.029700847 0.15059566 0.88231754 -0.19976161 -1.9638329 1.382399 -1.7937946 -0.39011857 -0.44789684 1.1123475 -0.7411846 -1.6879301 -0.026654856 -0.950117 -0.46006963 0.49137408
871 -0.85138553 -0.45253152 0.18282612 -0.37375432 0.94954103 0.3603467 -0.5887356 -1.1929144 -1.1426747 0.28807038 0.48574504 1.8774854 0.14759935 -2.186386 1.7917236 1.4553502
879 0.41434845 0.58807504 -0.073253274 -0.8622504 0.5632055 0.40284935 1.3139616 -0.47437152 -0.8453443 -0.95542455 0.19615842 -0.4693173 -0.7146905 -1.0206532 -0.31755608 0.58026695
897 0.8231595 -1.3389127 0.17245124 -0.05532628 -0.41269347 -1.3333036 -1.0510788 0.19629979 -1.8897094 0.92370445 1.7538106 0.7986573 -1.0551021 -0.031268988 0.63016486 -0.1447067
900 0.4946529 0.6579208 -0.90606594 0.6723365 -0.18866435 -1.0903342 -0.10184552 -0.07896273 -0.9100407 1.1259241 -0.4402696 -0.052151717 -0.22224735 2.0230784 -0.90596896 -0.88706
902 -1.2052054 -0.21044631 -0.022836043 0.65441996 -0.9849921 -1.296017 -1.2861103 0.8310545 -0.04307226 2.1320422 -2.7516985 -0.18407315 1.1500994 -0.052566346 -0.97052747 -1.0300289
917 -2.53855 -1.2138686 -1.633997 0.011775524 -0.69735414 1.7545705 0.16960664 0.7431905 -0.43431696 0.09312494 -0.43127075 0.2373734 -1.6535754 0.08214892 -0.30721068 2.232302
927 1.5966693 1.9286996 -1.1040125 -0.5712806 -0.026349837 -0.36411116 0.7053474 1.2228409 0.45406333 0.38720044 -0.9155957 0.6551294 -0.30502048 0.24978323 1.588834 1.3109078
929 0.4565165 -0.8027812 1.0258151 -0.19745135 1.6721284 -0.124959305 0.6984888 1.500593 2.1842265 0.4756528 1.0448502 1.2651353 0.826664 -0.43127215 1.3078492 0.5293934
937 -0.8505831 -1.0424955 0.7518643 1.3948985 0.5902097 0.5651758 2.668054 1.3146648 -0.99696654 1.2778003 -0.36968684 1.3772244 0.56869656 0.28604317 -0.09317651 0.4447271
938 -0.7614904 -0.928518 -0.31836706 0.2714197 0.831667 0.031634603 1.0774381 -0.49051082 0.5472223 -1.2034525 1.0882058 -0.034465805 1.1757711 1.2690524 0.4038275 -1.1828412
944 1.5966378 -1.1009713 1.1124995 -0.2959051 -0.8624405 -0.18881536 0.0829926 -0.08172574 0.30242643 -1.6008428 -1.567881 0.21046954 0.7395654 0.31441742 -1.3967643 0.10458287
947 -0.52142584 1.0659239 1.4724143 0.19776997 0.93277794 1.1832334 -0.23372932 0.008220102 1.665813 0.3911154 -0.07333907 -0.6729263 -1.9055145 -2.7120678 0.3834618 -0.5545712
954 0.4913644 -0.04273834 -0.29522833 -1.1702646 -0.31733266 0.6131631 1.6324562 -0.090177685 1.692859 -0.101926096 -1.1961888 -0.43729776 0.6311576 -0.84208447 0.9305046 0.80201966
965 -0.30279794 -0.29368138 2.1743646 -2.3873765 1.3346038 0.69903105 0.631252 -1.633911 0.26008227 0.24762374 1.4361076 0.5552138 -1.7466106 0.55798167 -0.11399017 -1.2183979
983 0.3952769 -0.8963675 -0.48324233 0.115898326 -0.29670238 -1.1642323 1.6360502 0.57975864 0.1436209 1.6897835 0.6923709 0.28828156 -1.39929 -0.9450897 1.3775972 0.854724
985 1.0840714 -1.4257723 0.17932737 -0.002249679 -0.1550321 0.43562958 1.749362 -1.3036447 0.12778145 -1.3955084 -0.030373637 0.6251184 0.182296 -1.2184373 -1.3744555 -0.48699164
986 -0.81875217 0.26228818 -0.29125807 0.108248815 1.388611 -0.7491518 1.6245761 -1.7770822 -0.12400147 -0.47800142 -0.6811838 0.45019293 0.2678078 -0.5345626 -0.8449475 0.8066016
999 0.5720554 -0.17667231 -0.8294192 0.16085945 -2.0991983 -1.4390854 -0.95888567 1.1493262 0.769087 0.16774553 -0.2557606 -1.7549981 -1.4798689 -0.2504846 -1.3897872 1.1963804
1009 -1.2938062 -0.84718835 -0.600902 0.28218314 -1.0571525 1.7514081 -1.7901901 0.32870615 0.3894245 1.3696308 -0.03851029 1.4348458 -2.2422485 2.293688 -1.1965411 0.32784644
1020 -0.44833577 -0.15644246 -0.73177105 2.7050917 2.3602252 0.5845969 -1.2265023 2.033113 -0.37237984 -0.43442193 -0.36523268 0.84859294 1.0462778 -0.59914106 0.30020478 2.5193985
1029 -0.39164925 -1.9892694 0.01386809 0.35046253 -2.7057452 -0.3986749 -0.08154104 1.3827587 -1.8743585 1.1117927 0.4485282 -1.3369651 1.1807054 1.632204 -1.1056749 -0.33342078
1033 -1.4375035 -0.17867348 -1.6682017 -0.775247 -0.59397024 0.5062398 -0.86505085 0.50601643 0.64388853 -1.5963339 -0.38795137 -0.65411305 0.0040972624 -1.3466231 0.5053236 -0.9181742
1101 -0.04551396 0.7755242 0.09444208 -0.31233984 -1.0243988 -0.6792431 -0.7425832 0.34207 0.12408045 0.35219544 2.037351 -0.029438607 0.94691783 0.8550223 0.07156132 -1.2880039
1107 -0.96678317 -0.7605644 1.4457644 -0.43877363 1.1813686 0.5280762 -0.65078044 0.22654942 0.3809144 0.40345126 -0.7080891 0.72544885 -0.98489946 -1.030799 -0.763289 0.5625641
1111 -0.9942148 -0.43505457 0.18631542 0.76552284 -0.9762074 -3.555664 0.400049 0.6904328 0.4465659 -0.52704436 -0.98955923 -0.103657536 1.8660119 1.255929 -1.1653419 0.58676964
1123 0.5272122 -0.20416655 2.484149 -0.003432892 0.13804494 0.98469967 -0.9720685 0.014098912 -1.2383828 0.37124312 -1.0809141 -0.09924534 2.935983 -0.34341997 -0.8517338 1.2103823
1133 0.6415354 -0.01738222 -1.4960011 -0.23365022 -2.068463 -0.3211801 0.864769 0.2447563 1.43929 -0.39540642 0.21436307 0.92021215 -1.4824197 1.0935776 -1.1095924 -1.2245786
1134 0.26053068 -0.60419834 0.05972428 0.1910504 -0.763677 -0.4185557 -0.34291437 -0.11477285 -2.238006 1.0330544 0.9928679 -1.2325544 0.25405014 0.31406134 0.33098754 -0.11243984
1155 1.9588958 -0.21123749 0.61726105 -0.22556679 -0.42214665 -0.80965567 1.3608574 0.29370752 -0.91401184 1.3661953 0.6864817 -1.6099851 -0.6105212 2.2519028 -2.3949378 -0.46561846
1158 0.26960295 -1.5183896 1.1140571 0.929064 0.031645786 -0.87757796 1.0062153 -0.6469306 -0.042291738 0.74474686 -2.0997608 2.070139 0.18680646 -0.5833392 0.23827781 -0.187374
1159 -0.1316137 -0.4511631 1.0340965 1.7355908 -0.5256523 0.076949775 1.588756 -1.246291 0.10825984 -0.14345418 -0.3691074 -0.2960972 -0.12008672 0.68190014 -0.92957884 0.3838505
1186 -1.4195298 -0.77040267 0.38380888 -0.7930926 0.686574 0.66260815 -0.14930598 0.8303187 1.1675786 -0.1497717 -0.5504118 -0.16960585 -0.66956246 -0.46425098 0.14656283 -2.3962512
1207 0.46597326 -0.8226686 -1.31949 0.61018574 -1.8643689 -0.727938 -1.3972999 -0.7614185 0.24860577 1.1456448 -0.7775698 2.0919223 -0.54402816 2.4475062 -2.4641857 -0.6251062
1240 0.53648186 -0.09960533 -0.31539065 -0.4592684 0.43531942 0.33662987 0.8213405 0.13169977 1.3039814 -1.0729576 0.94099957 -0.11503315 -0.76140815 -1.2598497 -0.9659463 -0.3064533
1241 -0.87348974 -1.4181716 0.24167043 -0.36218265 0.7529731 -0.14757535 -1.0202783 -1.0868871 -0.49111095 -1.3343074 0.37921414 -0.035808694 -0.23480992 -0.95610225 -1.3746752 -0.9451122
1263 0.33305937 -0.42243078 -1.0551853 0.04447725 0.0009334008 -0.046497732 0.45440087 0.24504611 -1.168902 -0.85081947 0.8504112 0.55865836 -1.6144043 0.73802394 0.89666337 -0.00045539322
1274 0.0138274 -1.4652267 -0.27906132 0.14821541 -0.04611746 -0.7470802 -2.3026607 -0.06671848 -1.0094991 -2.1628942 -0.015068698 0.7581876 1.037462 1.1375966 -1.7901913 -0.8432754
1287 -0.4052895 0.77825135 -0.1957705 0.21631184 -0.68440074 1.7134753 -1.6490506 2.223276 -1.0589058 -0.63372064 1.3715117 4.158306 0.6941639 0.31453428 -0.29311994 0.3705304
1288 -1.2740979 0.10997614 2.1217048 -1.3786201 -0.50604963 0.9290728 -0.8447917 -1.2501239 -1.9319136 -0.068848886 -0.5713136 1.6487379 -0.036469262 -0.46028998 0.3087985 0.052965205
1333 -0.3353232 -1.6448506 -0.60610455 -0.62315947 -0.79873157 0.5535552 -0.5508343 0.08565173 2.3937166 -0.7995463 0.4653821 0.98725075 1.1937486 -0.52830213 -0.050656293 -0.6273289
1335 0.9207506 -0.12453177 -0.05204969 1.2233196 0.6178218 -0.4955483 0.0038195418 0.16679323 -0.62936395 -0.8350645 0.88035786 1.1526555 -0.9118651 0.48071894 -0.875259 -0.5118795
1336 -0.6275823 0.61087584 -1.4791027 -0.5422639 -1.0414627 -1.9388541 1.3494867 -0.70907944 1.7548549 -0.15267248 1.0653015 1.0490339 -0.3858419 -0.39539805 0.14160523 0.485116
1338 1.8534544 -1.0193328 0.9533715 0.15714169 0.056339987 1.1120837 0.039451573 -0.23718823 2.0795484 -0.6744148 0.018153893 0.22501554 -1.2486683 0.12554383 0.25068 -1.6872467
1350 -1.8999614 0.5877998 -1.4222997 1.2913554 0.014913498 -0.98923534 0.9103438 -1.1599098 -0.5527789 1.7254682 0.4565028 -1.4960135 -1.0792905 0.3991137 0.5578013 0.8342567
1354 -1.2137868 -0.6664158 0.3444797 0.27711773 -1.4646373 -0.95510143 -0.03262768 -0.1455546 1.4520833 1.3414366 0.05098899 0.034635123 -0.9665777 -0.57589674 -0.2589004 -1.085743
1357 -0.9097158 0.68598557 0.5909969 0.3722737 1.7992842 -1.0888441 0.89963746 -1.0106258 -0.23837383 0.7861838 -1.2292212 0.56259054 -1.0868628 -1.1819559 0.06229631 -2.1912966
1375 0.7664377 -0.8711149 0.5298619 -1.2052974 1.6772715 0.061936047 0.14704704 -1.9297811 -0.119242966 1.5601854 -1.4985414 -0.45425275 -0.9689416 0.13274676 -1.1018181 -1.52861
1376 0.7872517 0.35722324 0.19966476 0.7848636 -0.092390105 -0.9283209 -0.9475395 -0.16219588 1.6894833 0.5145368 -0.7905189 -0.15799811 0.7060788 -0.70252 0.9945555 -1.0973033
1381 0.84962976 -0.01998488 0.79782796 -0.22971085 -0.90934545 -0.38486287 0.7252199 -1.0326596 -2.6411078 0.39037994 -2.1069314 -0.9198268 1.6462209 -0.027268821 -0.60995406 -1.3158885
1403 -0.49030074 -0.4535868 -0.787557 0.28938064 0.7154421 0.1643287 0.5327378 -0.84735554 0.6972581 -0.5576713 0.12333022 -0.84169024 -1.1717257 -1.8570591 2.0739934 -0.2111617
1407 1.0450152 1.6278783 0.4843914 -2.7322786 -1.1300942 0.6222099 -0.071528204 -0.024083404 -0.57031024 -2.8864927 0.40015423 -0.8134597 0.82891595 0.3479836 0.24346943 0.2724694
1412 0.25740942 -1.374339 -0.92497057 -0.2952035 0.5304914 -1.0483583 0.19467933 -0.24896257 2.82784 -1.6959211 0.30459115 -0.22822425 -0.6602039 0.29563364 -2.2760878 -1.2559457
1413 3.0248117 -0.45220172 -0.32097647 -1.477045 1.2170427 -0.24514909 -0.095899835 0.2001209 -1.0182186 -0.62590927 -0.07107412 -0.65233475 0.93991464 0.31821766 2.2364683 -0.6751851
1419 0.32929897 0.9238265 -0.37682235 -1.8291165 -2.0872767 0.59256244 -0.24296394 -2.0016959 0.20463991 0.54291 -0.40654895 -1.8676372 -0.94401824 0.42791858 -0.08233701 -0.69797915
1425 -0.68298066 -0.19748913 0.4610645 -0.9841605 -0.9868573 -0.9885868 -0.40027073 0.6600744 0.8014155 2.973237 0.8661389 -0.53047335 -0.6841102 -0.549083 1.1630794 0.31729975
1427 0.28243363 -1.6435223 -0.69607234 0.7836409 -0.42950517 -0.2258402 -0.17294918 -0.14962995 -0.44014895 0.2259093 -0.8639648 -0.08184041 0.10255285 -0.9024382 0.42641714 -1.1146747
1463 0.96643794 -1.098459 -0.96033204 1.4309624 -0.76020676 -0.4855379 0.10339949 -0.3608479 -0.6228646 0.5507736 1.5018225 0.83637637 -2.589864 -1.4186293 -0.9000969 -1.1146148
1479 0.069173135 -1.3615799 -0.009158889 -0.41742396 0.060524154 -0.47563407 0.4569334 0.04843534 0.9991918 -0.103287525 1.2496084 0.20117502 -0.5025733 1.6507039 1.815705 -0.5887956
1498 1.8455164 0.058718644 -1.816089 0.9568187 0.58914566 2.6268704 -0.12238492 1.0210266 1.3827386 1.2704216 1.1485063 -0.8061711 -1.8442917 0.51661915 -0.79993194 -0.027393691
1512 0.7638719 -0.6882721 -0.24038735 0.3048461 -0.8696899 -0.5204427 -1.3266953 -0.50962025 0.8088175 0.651798 1.0155067 0.8575951 -0.13340001 1.1029782 0.22857995 0.31226635
1513 0.062199567 -0.5613439 1.235819 -1.7082558 -1.340203 0.49115396 1.0661951 1.5407639 1.896042 -2.1469646 1.8186939 -0.9397086 -0.44623423 0.82849216 1.3969735 1.0578892
1531 0.035728507 0.12594914 -0.0520245 0.7501439 -0.34087986 1.0061328 -1.5013155 0.39796564 -0.26524076 -1.0881144 0.67795837 -0.921275 -0.3144702 0.6524708 0.0016682644 -0.85045105
1532 -0.47821233 -1.0857038 1.2356329 -1.7504619 0.4840046 0.9264078 0.65614676 -0.70755637 -0.4704457 -1.14007 -0.48724505 -1.0789189 0.7404009 1.9160099 -1.1843276 1.607276
1536 -1.0799433 0.2259462 -1.2238253 0.6018845 -0.18434249 -1.2455901 0.6931992 0.0741056 -1.1429459 -0.21925911 -0.5142373 1.2965317 0.045539837 0.39883208 -1.4123565 0.23088911
1540 -0.8935206 -2.1292188 1.4162794 -0.80318403 -1.2228336 -0.51594573 -1.0283242 0.62625146 0.03946667 0.12791534 0.76736206 -0.07195775 -0.06811284 -0.54261667 0.8724775 0.44414815
1548 0.6814028 -0.78752893 0.79089415 1.567414 0.2192257 0.5560474 0.32023686 0.6030866 0.43208006 1.610592 1.6630892 -0.9062572 2.5195956 0.8888519 -0.0024317033 0.1393334
1555 -0.6357962 -0.2141972 -0.029893063 -0.2590602 1.0629362 -0.33793202 -0.31107533 -1.9595147 -0.322229 -0.5988705 -0.77183896 -0.60169196 3.2443848 -0.12901336 0.06534418 0.40946218
1560 1.4295353 -1.6869464 -1.7183522 -0.9423212 0.20242883 -0.48377353 -0.0811854 1.376605 -0.9369858 1.3561064 -0.07333836 0.3421837 -0.7487279 -0.8935822 -1.1776171 -1.2190876
1565 0.4854862 0.49356467 -1.2840884 1.485638 -0.8576666 1.2837265 -0.23620518 -0.448616 0.4284089 -0.58740544 -1.5890304 -0.072369464 0.7572018 0.3659424 -0.73060423 -0.7188582
1568 0.15700476 -0.5707182 -1.3666359 0.65119594 0.29491535 -0.6892482 0.584576 -1.8254889 -1.3947312 -1.1901363 0.48734513 -0.31152007 0.22082354 -0.676713 -1.6740438 -1.2784749
1570 0.38761333 0.8225359 -0.77103025 -0.67415136 -0.18840596 -1.6631866 0.12302687 0.3276525 0.9887821 -1.0281225 0.020979626 0.07163507 -0.51998276 -1.5132654 -0.27013966 0.6956077
1574 -1.8534659 0.1848679 0.73550695 0.316829 -1.3631381 0.06053283 0.858004 -1.3548354 -0.19215086 0.6216008 0.46085855 0.16286574 1.265702 -0.5038997 -1.5136155 1.9979389
1577 0.2860381 0.07907023 -0.4038214 0.47738189 -1.2703139 -1.3963579 -0.1490743 0.13675952 -0.035206553 1.1153162 0.5247013 0.8420958 1.021267 -0.9471365 -0.7554232 0.8429544
1584 0.9268229 1.8290792 -0.16892816 -0.9814981 -0.81467223 -0.73065895 0.82691807 0.9371687 -0.6756087 -0.71009845 1.4196795 -0.3284141 -1.6725223 -0.15306346 0.30465868 -1.6603432
1593 -1.084861 -0.47124738 1.3059471 -0.15462708 -0.033137295 -0.64357895 0.5199331 0.27900052 -1.0696342 -0.8372607 -0.57517827 0.31227043 -0.039815582 -0.32993305 0.18092866 -0.030022183
1599 0.66206825 0.23918611 0.021840006 -3.9397933 -0.15891156 1.1737517 0.5142968 0.2243056 0.86520684 -1.3218293 -1.0152702 -1.9354066 -0.33421928 1.5194488 -0.41864604 1.6511544
1608 -2.4743474 0.073116034 1.0242205 -0.5878709 -0.15611269 -1.5347832 -0.42928627 -0.9795497 0.03676733 -1.51027 -0.98048776 1.089011 -0.5344331 -0.040823054 0.19690615 1.3329428
1613 -0.7915054 -0.880991 1.2542601 -1.3143516 0.3004672 0.5833449 -1.1202848 1.6358373 0.8017181 -2.4296327 -0.46890032 -1.1110767 1.077887 2.0253925 -1.8400888 -0.59188247
1617 0.89886343 -0.18116747 -1.6957784 0.046866864 0.1761096 -0.36617464 1.982046 0.47876903 0.036360428 -0.7034461 0.18254825 1.5584754 -0.08993577 1.0684562 0.23443359 -0.34033042
1624 0.15846722 -0.8967237 0.5861832 -0.51640856 1.3853846 0.11951127 -1.0000755 0.3558754 0.13001361 -0.1090017 -0.5781687 -1.4379786 -0.31599185 1.0884669 -0.62100184 0.8272264
1626 0.6547383 1.2906758 0.27190742 -0.5428139 0.5591737 2.529685 0.44179642 0.6302854 -0.65062827 0.22780377 1.3413419 -0.8759953 0.054009795 1.4040427 -0.3417758 -0.609455
1632 0.18365684 -0.28419855 0.09823589 -0.3155008 -0.31055355 -0.09421182 -0.3856102 1.0768151 2.003166 0.2961372 -0.048255105 1.9579781 -0.81018436 1.1901274 -0.7102746 -0.7316058
1636 2.418573 0.20755957 1.0677631 0.97918725 0.24290869 -0.3533074 1.329487 -0.8301715 -0.44247782 -0.9883426 -0.35569897 -0.53666484 1.9259616 0.5262542 0.12691303 -0.30620387
1643 0.5874981 -0.70653194 -0.24618217 -0.40051854 0.9182563 0.9246031 0.33246565 1.4812633 -0.21656403 -0.21996912 0.71118826 -1.3588986 -2.0772705 0.714402 -1.709101 -0.11336086
1663 -0.48509127 -1.5154995 -2.288243 -1.1931335 0.04753066 0.53609693 -1.392009 -0.029866535 -0.8845923 -1.7501632 -0.23454246 1.115759 0.71473837 -0.46496785 -1.3007468 2.0039623
1666 0.35966268 -0.57195556 0.8165298 0.4593365 2.7294316 1.0683577 -0.37186918 -0.93310994 0.30367148 1.6688672 -0.7258287 0.9043849 -1.0210044 0.10433419 2.1291733 -0.42000538
1687 -0.46051705 -0.039549954 0.38293046 0.07932091 0.8153099 0.81971246 0.27862537 0.19515464 -1.9095894 0.77274513 1.5030801 -3.667373 -1.4326841 -0.42929724 -1.2559499 0.44367912
1698 -1.2921711 1.0271424 -0.85954016 0.026900565 -0.30166036 2.070749 1.2003359 0.6773527 0.83343536 -0.35161582 -0.8477972 0.13534732 0.93071425 -1.2354279 1.0434345 -0.3658737
1703 0.09451896 -0.04601676 -0.017291518 0.3940655 1.6388694 -0.1292318 1.341421 -2.7850537 2.031796 -0.58918023 0.52555627 -0.058059536 -0.23533244 -1.0142715 -0.27822718 -2.3038573
1715 0.87020165 0.51509905 1.0602292 1.3570235 -0.28004077 1.0634941 -1.8838764 0.28670156 -0.5918372 -0.27374744 -0.37661856 -0.9938026 0.34827194 -0.14485252 0.93582153 -0.08394552
1734 -0.51206464 -0.34016028 -0.9712642 1.9116951 0.49613026 -0.3764448 1.1536825 0.023506608 -0.14772774 0.0152377 0.9512578 -0.028984435 -0.21186505 -1.1877244 -1.2168995 -0.37966868
1754 -0.051301144 -0.07611824 0.2742508 -2.011437 1.1831721 -0.5700398 -0.82479227 0.9166758 -0.16273312 0.37421677 0.4468982 1.0397956 0.015138665 -0.6633792 -1.2268534 -0.25134388
1756 -1.0207103 1.2078441 -0.8312337 -0.065010756 -1.4283626 0.14981626 1.0323151 -2.5268695 -0.17681724 0.33798945 -1.057134 -0.39409164 0.478255 -0.4530216 0.60918254 0.30825067
1764 -0.118568875 -1.3210788 0.12190668 1.525373 1.9164354 -1.7866794 0.3541755 1.8593408 -1.0864248 -0.44773597 0.21933271 0.69178337 0.60846585 -0.13904566 -0.57307386 0.27092493
1765 0.31007242 1.054217 0.478356 1.2407666 1.5744253 -1.4867071 0.61207956 -0.2486053 0.54669964 -1.6138746 -0.040874075 -2.366018 0.6789909 -1.0063776 0.10330457 -0.50136244
1775 0.77430975 -0.28248674 0.2853388 0.055199344 -0.098421164 -1.906097 -0.6022139 -1.0759945 -0.77440476 0.22833098 -0.21538103 1.5472832 0.5901207 -1.9883127 0.50113356 0.048408877
1782 -0.3593295 -1.1757667 0.49113658 1.3842341 -0.40959004 1.2386538 -1.4741582 2.281167 -0.3675715 -0.17291707 -0.44258574 0.039600085 -0.85981554 -0.09749708 0.79275924 0.6425344
1791 -0.5151524 -0.97879654 -0.31785086 0.78052294 -0.3502222 0.59100217 -2.0707886 0.75080025 -2.402025 -1.3060298 -0.13630724 -0.14182886 0.14465356 -1.3519781 1.07202 -1.0243418
1838 1.751014 0.011686036 -1.1738607 -0.2469379 -0.6133287 -1.2166361 0.38699132 -1.1373959 0.75377744 1.2954094 -0.7254527 0.51639885 -1.1122334 0.044714373 0.72993135 0.29817382
1845 -1.0307081 -0.1718322 0.88935953 -0.659878 -0.86300296 -0.7160795 0.6354902 0.32971948 -0.7146508 0.3472124 -1.4057426 -0.86425805 -2.9438398 0.12882407 -0.8056464 1.1306827
1857 -0.97176284 1.4165145 -0.6627132 -0.41414976 1.2379706 -1.6295106 0.5084105 -0.83058345 -0.44306204 -0.3043227 -0.023706697 0.72436017 -0.8730617 0.3709604 -1.7387809 0.73599446
1860 0.37717187 -1.7268194 0.27173954 1.0996253 -1.8834457 -1.8438374 -0.28232765 -0.084892735 1.1801578 -0.6209137 0.38973463 1.4987664 0.34547782 -0.14824134 -0.357189 0.05208523
1877 0.7649851 0.32687908 -0.98579043 -1.0126033 -1.4187 -0.95054376 0.51922053 0.014819715 0.4803979 0.9007662 -0.22058316 -0.8106897 -1.5725445 0.22660016 0.58993983 0.637422
1878 -0.30356508 -0.15402949 -0.088460766 1.4010258 0.3575582 -2.083844 0.2527698 -1.2223946 0.066878825 -1.3139713 0.8376034 1.3249235 -0.42664185 0.50867045 -0.73399967 -0.06365133
1908 -0.9363366 -1.550926 0.047487203 0.23120473 0.939047 -0.41221777 -1.4905895 -1.22303 0.6033302 1.0555065 -1.7232103 0.5969561 0.29822448 -0.5266062 -0.6860521 -0.93781805
1910 -0.57120395 0.6878383 -0.11697209 0.83082217 -1.4037675 1.7042229 0.14208648 1.842581 -2.0229874 1.2853544 -0.29395384 0.44459805 0.64589876 -1.1085311 -0.5025028 1.1673144
1922 -0.63470143 -2.081969 -0.66835546 -0.47417292 0.5963139 1.2124939 -0.8198956 0.580549 -0.10588815 -2.4380248 -0.25777832 -0.6082866 -1.1792171 -0.80792004 -0.19375263 1.2821399
1933 -0.6915258 1.6035657 0.16144532 -1.140847 -1.4913124 -0.52773327 1.1912787 0.18340671 -1.2102003 1.007106 1.9968269 -0.41548428 -0.5940953 -0.58101964 0.30616337 -0.27646866
1938 -0.8021034 -0.20112962 -0.049649622 0.21060576 0.08423247 -0.77271295 -0.42367968 -0.6516909 1.0136111 -0.043279167 -0.1207626 -0.28201932 0.2280592 0.09830967 -0.93229795 0.9408285
1954 -0.7471095 -0.9215484 -1.1482208 1.295804 -2.0589745 -0.6857076 -0.39573294 -0.78000844 -0.6550201 -0.5906372 -1.0040696 -1.5089324 -1.2078406 -0.055081017 0.425455 0.380386
1959 0.28081745 -0.91227335 -0.35480368 1.34683 1.6266347 -0.054135274 -0.5925863 0.60075986 0.025964478 0.97624516 -0.421165 -0.36763936 1.6408756 -0.5141337 -0.03868673 0.28446618
1975 0.48645577 -1.2743891 -0.71230805 -0.6297338 0.590385 0.71586293 0.36370116 1.5562375 -1.1816181 1.5802124 2.2549694 -0.78837734 -1.1594353 1.618412 -1.6978981 0.48389533
1979 -1.5884107 -1.1023667 2.7432325 -2.2135913 -0.86062664 0.15926318 -0.9233853 0.26109347 0.53687555 0.59028524 0.29663214 -0.29786953 0.45239747 -0.57173806 -1.0867517 -0.04101038
1980 -2.123225 1.5532322 0.8034826 0.13322851 -1.0083123 -0.5588959 0.7815342 -0.99869716 1.376528 1.0593443 0.66891706 -0.43859842 0.30594656 -0.53393763 -1.4169436 -0.9388235
1999 -1.2811911 -0.43062234 1.2144915 -1.5099313 -0.757748 0.7476885 0.5742447 0.2539047 -0.28983942 -0.39067414 2.3868394 -1.2250109 -0.18617131 0.50673306 -1.4721681 -0.12091241
2007 0.5077213 -1.9672512 -1.9327574 2.4986799 0.35474998 0.68993187 1.9452 0.5261161 -0.6513325 -0.21880107 -0.83717805 1.8665389 1.3788967 -2.0962987 0.6281524 -0.3752106
2027 -0.44954672 0.84216815 -1.8513758 -1.1019372 -1.4109442 0.47819155 1.5491382 0.08867825 -0.6805704 1.4765122 -0.35906497 0.4526428 1.2098844 -0.11380719 0.69040024 -0.063706964
2034 -1.395713 0.28408688 0.60402936 -1.077429 -0.64121324 1.880987 -0.58091336 -0.5108402 0.37314895 -0.5856781 0.56388307 0.6663304 -0.48294553 -1.6881577 0.53624403 -0.5759854
2055 0.6048029 -0.70853335 0.43866184 -0.65051675 -1.7434846 0.18491356 1.1398778 -0.49828118 1.5155606 0.86188203 -0.15400042 0.26895228 0.4878151 1.2469485 -0.20433334 -0.327689
2057 -0.32450005 -0.38335502 -1.260516 -1.2243652 0.038747907 1.0196005 0.68827677 1.8049916 -0.061538473 0.95411706 0.5137465 0.58177006 1.574394 0.5925958 0.5815307 -0.49636725
2062 1.2121422 0.2785381 0.8732006 0.8134065 1.671681 -0.24296409 -1.7050344 -0.67679656 0.8091941 0.41578957 -2.1509988 -0.1200485 1.0510845 -0.7434867 -1.0373155 -0.6002529
2074 0.20784204 -1.4687304 0.9916948 0.21465728 0.8901595 0.27619785 -0.20864686 -0.25191972 0.1484011 -0.12524682 -0.42946684 -0.99648845 0.69947743 -0.37138373 -0.6044472 -0.6864953
2082 0.39925957 -0.537203 -2.6664586 -0.7113459 1.8350338 -0.6344397 0.5796479 0.23642005 0.560266 -0.47793534 -0.16806442 -0.6754459 -1.1972126 -1.472365 -0.7112915 0.30315304
2091 -0.054531056 -0.13293004 -0.19790797 -0.43448868 -0.21043849 1.0043081 1.8205538 0.36640376 -0.47137868 1.3051695 -1.7025474 -0.09957641 0.70749086 -0.8953421 0.40589637 1.606404
2102 -1.5683404 -1.3147361 1.0805559 0.235792 0.5046793 -1.0190889 -0.014994143 1.800557 -1.2990203 -1.3430924 1.0612319 -0.9611919 -0.58206904 -1.5739906 0.74762946 0.44825727
2114 -0.61565214 -0.29684973 -1.2466944 -1.4145286 -0.6939494 0.80929315 -0.8781387 -0.23246197 0.82890314 1.8115516 1.3809885 0.57313097 0.33098006 0.61069846 -0.22980893 -0.04791169
2116 0.7858315 0.12310861 0.17120843 -0.25787738 -1.2405092 0.068838395 1.0354778 -1.1148769 -2.159599 -0.24254112 0.43243027 -0.25525016 1.7916746 -0.89065194 1.6897844 -0.913871
2127 -0.10332546 0.3011703 -0.8310572 -0.54533744 0.2687517 -0.9210498 -1.2809712 0.4573779 1.7385919 1.884692 -0.09700021 -0.71110576 0.9082835 -0.20251742 1.2450808 -0.07754643
2137 0.81182617 -0.77374524 -0.36154822 -0.3912983 -0.83856916 1.0593896 1.004011 -0.5426237 0.9888403 1.4269488 -1.899318 -0.91473633 -0.9506601 -0.31273636 0.46971893 -0.89291537
2138 -0.9890899 1.0577312 0.38772845 0.45760638 0.29645035 1.8011073 0.65188515 0.3954715 1.2802333 0.36396065 1.4584215 2.9181519 -0.2103817 -1.6218908 -0.27972105 -0.93310827
2151 -0.10385541 -0.3357867 -0.06896516 -0.60206693 2.4060204 -0.6037129 -0.26993674 -0.92478406 -0.79636043 -1.1366359 1.4313065 -0.46438244 0.26262477 -0.62538314 1.8164551 -0.20961787
2165 0.49526334 -1.1500151 0.57927924 0.469987 -1.3258156 -0.6770891 0.13776909 -1.4202188 1.355986 0.49712592 0.27964368 0.89546067 -0.21780068 -0.25902626 0.9304221 -0.5544889
2169 1.0713315 0.09249193 0.42449883 -0.6719124 -0.6906911 0.7598255 -1.5771295 0.05485517 1.2835226 1.1425315 1.3075742 0.55455285 -1.4507844 0.9393431 -0.60884845 0.13708423
2192 -1.2373073 0.5261476 0.21443045 -0.73079014 -1.774982 0.94683754 0.07252188 -0.81025904 0.1129139 -0.57826996 1.5214717 0.09763588 0.31299356 -0.6015942 -0.48281422 1.0309217
2207 0.87492234 -0.44594407 0.18724352 -0.9796639 0.044972766 -0.28107968 0.79956514 -0.7344978 -1.4502729 -0.45075992 -0.85697925 -1.6716721 -1.5883766 0.24704906 0.66836894 1.0853039
2209 -1.6006827 1.7005323 0.09474822 -0.1550527 1.7498649 -1.5467228 -0.010919684 -0.8808456 -0.6863734 0.8715917 -1.7379525 0.4371593 -0.298175 0.01612137 -0.92253834 -1.2326573
2215 0.38701448 -0.80511725 -0.40547308 -0.64410746 0.5141614 0.41420892 -1.0665604 0.62597966 -0.23974901 0.9438155 0.6497389 0.7629649 -0.8580859 0.76015294 0.09891447 0.42779496
2231 -0.16899663 1.7121336 0.5383532 -0.6826207 -0.43058446 1.7729979 0.41403258 1.0840743 1.3718342 1.2937348 -1.1110463 -0.72146183 1.1514664 0.8212081 0.48787692 -1.8080959
2232 2.2053857 -2.0274773 -0.049225215 -0.45163745 -1.5638313 -1.809216 0.4996829 -1.5269943 -0.6190499 1.2085345 -2.0106556 0.50696546 -0.8706714 -2.4788802 -0.67954326 -1.5319164
2244 0.5555696 -1.4160293 -1.9115402 1.0351264 -0.80979073 -0.270729 -2.150447 0.19585441 1.9665481 -0.4800324 0.33675736 1.1795627 0.9421834 -1.7197901 1.2296026 0.01729636
2245 -0.94509596 -1.111943 -0.98956776 -2.463734 -0.53169733 -0.92076355 -2.214408 -0.16495772 -1.1360359 0.20829895 0.43517953 -0.9386367 0.51764303 -0.60342884 0.45119286 -0.03272816
2255 -0.92476344 1.727511 -0.448531 -0.5435115 -0.6469338 0.92885447 1.2614696 0.5450697 0.6305999 1.50224 -0.9273138 0.029697524 -0.8138484 -1.2434651 -0.54932123 -0.6222075
2287 -1.422817 0.6811279 1.6340594 -0.041599553 -0.8570281 -1.6752588 -1.5216784 -0.9999262 -1.0247624 0.14739816 -0.24286829 -0.556675 0.31369647 0.53498966 1.4552513 1.133327
2295 -1.2589446 0.5114724 1.0417004 1.4710397 1.4443418 0.20683895 1.5150807 0.6568759 0.3335205 0.30673212 -0.75405604 -0.8571602 0.6937632 -1.5634477 0.15866002 -0.211291
2310 -0.67042994 0.49033803 1.0384303 -0.15603796 -0.68836224 -0.8184123 -2.4349732 -1.258164 -1.1199414 -0.5377582 1.3929287 -0.82654417 0.83843815 0.60960937 0.02954169 0.07371307
2311 0.583909 0.46117222 0.011096196 -1.0920691 -0.42563766 -1.4896632 -2.063209 0.067189775 1.1276255 0.8960233 -0.81785244 0.3166675 -0.83351743 0.51782 0.028154368 0.018423488
2319 0.3524042 -0.027783535 -1.0816575 -1.2266406 0.04335831 -0.14354144 -1.7177111 0.7305535 0.17718744 -0.34755605 -0.1736272 -1.2812104 -1.2962261 1.5381757 0.36490747 -0.9612658
2334 2.0528634 0.17031975 0.6477605 -0.51832795 0.1512053 -0.07699607 -1.0006384 2.0462728 0.20575641 -1.8399695 0.5230848 0.78315645 -0.24146722 -1.2467161 0.14695193 -1.1170368
2338 -0.8813194 -0.23181024 0.012456571 -1.018926 1.3524581 0.5772136 0.9382197 1.7991945 1.1358124 1.0962918 0.50514233 0.47658592 1.2251574 -0.010780001 -0.8816486 -0.0729387
2343 0.10910836 2.379913 0.4228092 0.30644447 1.20801 -0.3132231 0.7226055 -0.29499182 0.7210666 2.1056921 -1.4956125 -0.85766256 2.018582 -0.5891793 0.93093437 -0.30343246
2364 -0.49540472 -0.35901716 -1.6325247 0.23273833 -0.53977317 0.23343599 -1.2295946 1.7784694 1.3909181 1.2925841 0.5197326 0.22216612 0.38342422 0.24279423 0.6043535 -1.7692355
2368 -0.23108706 0.40272298 0.22713491 0.63718486 0.31411394 2.0471818 0.4443042 1.1588877 0.52861756 -1.2767017 -1.3247573 0.54902875 -0.08732723 0.49768886 0.29218575 -0.48041832
2369 0.8990376 -0.24632758 1.3866382 0.56174153 -1.0694389 -0.029723339 0.44340265 1.6660688 -0.4331347 -0.26843733 0.1810707 -0.0125039285 -0.18283518 -0.34261596 2.8406303 0.9520701
2396 -0.9634831 0.52860796 -0.5973521 1.1602963 -1.4839543 -0.46632686 0.023027537 1.9409279 1.7185243 0.945993 -2.2994118 -0.20640151 -2.5497959 0.19659153 0.5451605 0.71395326
2399 1.3624073 -0.104562216 1.8703561 0.9100082 0.6495809 1.5272238 -0.18977052 -1.0089169 0.5617449 -2.0732517 -0.93273133 0.20305519 0.24078202 -0.6704257 -0.49880028 0.87721795
2408 -0.18114203 0.90378016 -1.506037 0.2996024 -1.0254171 1.3090332 0.37747645 -1.7172345 -0.09574185 -0.28972724 0.2926384 0.10500796 -0.6306105 -1.0871071 0.21596217 0.5697146
2412 0.59534097 -2.0424101 -0.20808904 -0.8505701 -0.024408136 -0.17310418 0.54564136 -0.92831993 0.28117526 1.0074276 2.292053 0.08727692 -0.017118143 0.44840837 0.18352352 -0.6345784
2415 0.80439967 0.37852505 -1.6099311 0.043382615 -1.000572 0.9383619 -1.0641327 -0.44970843 -0.0055630472 -0.7969818 -1.9073324 1.4062766 -0.6417985 -2.5061488 0.046474636 1.2246355
2417 -1.396091 0.07564576 -1.0920509 0.25003827 -1.935632 -0.14001322 -1.0565145 -0.34180826 -0.800136 0.988037 -1.4992507 -0.57679784 -0.4928613 0.38973758 -1.7462991 -1.3683282
2421 -0.08381146 0.17254561 0.79732704 0.8497708 -0.10095563 0.2795536 0.3580349 -0.96182585 -0.12633169 -0.08721287 1.8785307 1.382742 -1.4059675 0.4563124 0.155417 0.32395566
2428 1.4269882 -0.15724167 0.21304415 -0.27512378 0.22471163 -0.19929613 -0.39198068 0.044566587 0.29346928 1.6147705 0.288614 1.424554 -0.22352883 0.07076714 0.7992419 2.8784416
2429 0.18343401 -0.7018166 -1.0026145 0.72461236 1.0115328 -0.93892366 -0.47911862 -0.18482645 2.413587 -0.006486526 0.7561266 1.6319399 1.8933207 0.31477225 1.5060061 0.06280392
2432 2.042122 0.1498455 0.0824676 -0.66058415 -0.86110026 -2.0676396 -2.6474106 0.6965022 0.67433244 -0.23428985 0.10762532 1.1279169 -1.7020154 2.0539227 1.51571 -1.7892141
2437 -0.03704716 -0.47949654 0.09731324 -0.0951904 -1.1510302 -0.17902668 -0.7327316 -0.10245334 -0.39395398 -0.23292808 -0.9286941 -0.38123176 0.9903795 1.2392751 -1.0172216 -0.29893756
2443 0.6262361 0.16944785 -0.43785125 0.07121036 0.4913367 0.4932645 -0.98303086 -1.344267 -1.5274715 -1.7865508 -0.31299856 0.16544637 0.3315751 0.32764077 1.4757379 0.83791196
2447 1.1088998 0.9582803 1.9858274 0.5126281 -0.004204142 0.870039 0.55223536 -0.09745165 -0.5575585 0.46661106 -0.7164408 -0.83641756 1.4466455 2.3874998 -0.048014253 -0.33617362
2453 0.59685755 1.0926555 0.26915094 0.30041096 -0.44631138 0.13681524 2.5750196 -0.17833282 0.25134394 -1.1526216 -0.89855504 -0.59086585 -2.1629355 -1.0735474 -0.013679724 -0.9963176
2462 -0.3325755 -0.3851717 0.7649401 -0.2909649 0.8181305 0.22991621 -0.7528891 1.0603038 -0.5294445 1.8640105 -0.5075373 -2.736067 0.8007472 0.6165174 0.47072494 0.90385324
2464 -0.1276866 0.102962874 0.5435278 -0.050634697 0.50178623 1.4386172 -1.0020751 -0.32364482 1.2166852 1.277976 -0.2240099 -0.32124656 0.2078964 -0.7285663 -0.07085845 -0.06365646
2465 -0.69208175 0.29169035 0.2813037 -1.7162038 0.2833805 0.042603184 -1.4386209 1.0589799 1.1711595 -0.8259055 -1.6715108 0.585246 0.9782552 -1.4392103 3.136507 -1.3985986
2466 -0.33711442 0.29211667 -0.022431117 -0.057743356 -1.9594703 -0.55905676 -1.3283173 1.2931877 -0.22992462 -1.470047 0.091672555 0.014454598 1.5983149 -0.36330503 -0.23736803 1.0602021
2468 -0.13865013 -0.64609426 -0.638304 -1.1071613 -1.6733844 0.26253912 -0.9638866 -0.744262 1.5618225 -0.14337109 -0.6110361 0.45043832 0.40478212 -0.45146677 1.4843941 0.034269363
2472 0.19237098 0.26825285 0.30506334 -0.5552438 -2.7195392 -1.6465385 0.958521 -0.4680834 0.80798256 0.13510968 -0.7876948 0.6474955 -1.35477 1.2588195 -0.10258015 -1.5940348
2484 0.84902316 -0.65850693 -2.480234 1.733657 0.35686523 0.63713855 -0.56694055 -1.4080408 -1.9571465 -0.053254463 1.0044198 0.5652851 0.31293845 -0.27782243 0.6630765 -0.3317659
2532 -0.19971566 -0.9625127 -2.0166316 -0.30786642 1.2600567 -1.9015912 2.2894475 -1.3137051 -1.8125907 0.6058215 -0.44276363 -0.86835456 0.00898008 0.02113223 -0.17447051 0.47481582
2541 -1.5606607 0.36103857 -1.3985965 0.5757505 -0.7066987 1.8043174 -0.190828 -0.39469948 0.9977667 1.1828594 1.1038773 -0.30283833 -0.46448806 -0.7299095 0.80104905 0.49949792
2543 -0.05933834 -0.066669874 -0.22620958 -0.8917695 -1.3547406 -1.3546109 -0.4756627 -0.3210739 1.2251452 -0.039818034 0.93886787 -0.22684276 0.43401074 0.43288547 -0.4727588 -0.3303111
2561 -1.0037591 -0.4924806 -1.16183 0.14500408 -0.09632935 -0.75860554 -1.7967228 0.43632844 2.5434968 1.8752292 -0.1867977 1.6662391 0.7703296 1.3235154 -0.4297512 1.0899577
2563 1.001109 -0.2319111 2.769336 -0.8761395 -0.52605957 1.1304816 1.4448222 -0.9936742 0.3389368 0.0882296 -1.7995992 0.704195 0.4382149 -0.26987657 1.9862561 -1.1957458
2575 -1.0229971 -1.4723204 2.0123222 0.38886234 1.4361494 0.55168176 -0.32824042 -2.1539693 0.5193743 -0.7776251 -1.0922049 -1.7127526 -0.8080359 -1.5143008 -0.8930084 -0.019309232
2577 -0.018828956 -0.84595954 -1.5262009 -1.6132566 -1.277393 0.0912812 -0.59115446 0.22039017 -0.745979 0.9504425 -0.38527253 -1.3259035 0.48378488 -0.3454829 -1.3051695 -0.0056883297
2585 -0.13569298 -0.6981067 0.5656434 1.2897501 0.69483274 -0.6355894 -0.46021712 0.21564852 -0.60689086 1.066403 -1.9419832 0.23461193 0.2661048 0.31416956 0.35192367 -0.35056868
2586 -0.08031003 -0.36294213 -0.37664297 0.13852246 -0.774171 0.37230438 1.1780027 -0.7269212 0.06521053 -1.3763996 0.77936137 1.4540691 0.17414168 1.1474615 -1.2772483 -0.009426259
2590 0.28723815 0.3611012 -0.12079251 0.37078696 1.8799325 -0.47381318 1.3653775 -1.2638195 0.011675987 0.77835345 -0.7796504 0.7564337 -1.7238582 -1.2030213 0.312419 0.15386894
2593 0.49063244 0.01913242 -0.50414854 -0.35157272 -0.48185384 0.54306096 -1.7585478 0.43222666 1.088239 0.645034 -0.42187726 -0.7927454 0.70984465 1.0634987 -0.0047154576 1.6942996
2596 -0.48681274 1.7861992 0.16193625 0.8274223 -1.1329901 2.9919112 -1.5782251 0.6239004 -1.3059522 0.06494095 -0.49439928 0.46698663 -0.88170576 0.093366824 0.33485025 0.23704478
2597 -0.8323176 0.058163907 0.9843332 -0.6342119 0.4645884 -0.057449184 1.0634419 0.011465797 -0.122286305 1.2239163 -2.2159605 1.9943385 0.58242923 -1.0109829 0.39461225 0.5676218
2614 -0.5603762 -0.7780731 0.9760366 0.35398147 1.8311174 0.14178191 0.046618953 -2.2081075 2.0086915 1.1610234 -0.75951225 1.6207831 -0.20160845 -0.09726513 0.13637847 -2.020243
2616 0.19882686 0.19195557 -0.19859983 -0.55719584 0.32936767 -1.138573 -0.56029695 -0.53656656 -1.2279537 1.5082875 0.79860765 0.05224059 0.3372196 -0.45870307 -0.2697712 -1.3268396
2622 2.7012935 0.55266696 -0.3544755 -1.1000689 0.7886729 -0.747019 0.9275422 1.2214043 1.6241907 -0.7913473 1.1420583 -0.611597 -0.5122177 0.33948845 -3.0914109 0.28902423
2634 -0.16329475 1.1251006 -1.4039668 -0.63068014 0.85865057 0.564317 1.4357837 0.057055417 1.2509288 -1.4647436 -2.2182734 -0.88545257 1.7869034 -0.02538748 -0.51397395 0.43609282
2635 2.027546 -0.33450997 0.091138765 -0.8267538 0.2312496 -0.4783195 -1.0300488 -0.17289068 -0.4554154 1.1837829 0.024299186 0.18424715 0.8847014 0.59281266 0.95890576 0.4177123
2658 1.2979902 0.7075544 0.39993897 -0.36262918 0.2763417 1.363156 0.32704553 -0.19050902 0.057762023 -0.1346241 -0.5870289 -0.34145302 -1.4099851 -0.2243392 0.7322812 1.0697312
2667 0.47587124 -0.19262189 -0.42627376 0.37014484 1.217998 -0.35471666 -2.069509 1.1814376 -0.33732715 -0.4119453 -0.10981538 0.34870496 1.0402479 1.1127867 1.1743728 -1.458585
2673 -0.3458726 1.9942464 -2.0325365 0.41525817 -0.54570645 -0.2526718 0.67325735 1.9755787 -1.0800256 -1.0939494 1.0044796 0.40512818 -1.3527952 -1.9781293 1.332032 0.7597735
2677 -0.70044076 0.7499213 1.0482141 0.2757544 0.7889499 0.645945 0.07639845 0.8148101 -0.39517158 -0.05812484 0.7544452 -2.341835 0.006834456 -2.7590704 0.8014229 0.38251698
2692 -0.15393633 0.06918408 -1.0309002 -1.1393508 0.50465155 -0.7934891 0.032289542 -0.32705477 0.23850286 0.3095768 -0.12598094 -0.28670844 -1.4100555 -0.9247946 -0.05181843 0.51649445
2702 0.08079068 -1.2145106 0.5135786 -1.7843705 1.020619 -0.66160655 -0.08428305 0.43118504 -0.17932418 0.12986116 0.52189803 0.8379533 -0.19283785 0.54762375 -1.082088 2.2025712
