54
506
508
753
859
899
931
1288
1648
1969
2017
2534
2982
3099
3150
3762
3834
3932
4021
4081
4116
4503
4623
4791
5053
5321
6075
6174
6350
6566
6703
7040
7696
8130
8426
9053
9120
9231
9292
9454
9815
9827
9844
10580
10857
11014
11079
11717
12263
12285
12854
12879
13173
13415
13607
13652
13720
13764
14049
14275
14420
14715
14771
15686
15715
15723
15747
15780
16308
16399
17186
17768
18120
18322
19525
19544
19602
19992
20227
20457
20652
21057
21239
21567
21647
21932
22009
22306
22403
22508
22524
22890
23218
23422
23664
23687
23846
24129
24894
25562
25857
25888
25929
26109
26438
26838
26949
27001
27470
27809
27868
27930
28069
28118
28225
28311
28495
28648
28736
28892
29135
30191
30336
30387
30460
30464
30584
30964
31326
31335
31381
31669
31719
31781
31785
31821
31823
32112
32126
32219
32352
32620
32759
32786
32963
33142
33765
33847
33944
34082
34084
34257
34640
34835
34849
35557
35682
35686
35997
36149
36940
37005
37297
37496
37598
37762
38156
38262
38302
38372
38452
38478
38594
39020
39502
39887
40597
40619
40650
40717
40739
40766
41428
41484
41637
41753
41908
42084
42286
42487
42490
42558
43328
43610
43847
44389
44793
44882
44966
45133
45154
45308
45353
45496
45566
45672
45838
46097
46123
46378
46402
47056
47135
47171
47314
47456
47488
47662
47771
47942
48176
48533
48570
48592
48885
49372
49465
49486
49556
49680
49766
50090
50216
50298
50335
50342
50399
50468
51084
51170
51223
51306
51525
51557
51638
51651
51689
52017
52159
52386
52463
52479
52500
52605
52970
53118
53179
54160
54268
54572
54784
54792
54808
55395
55730
55964
56865
57104
57119
57278
57550
57575
57582
57629
57643
57783
57939
58179
58468
58766
59359
59412
59564
59649
59654
59679
59690
60125
60324
60348
60387
60610
60752
60777
60841
60873
60988
61328
61362
61589
61988
62590
63413
63780
63993
64442
64541
64990
65076
65088
65139
65242
65264
65427
65445
65614
65730
65878
65893
66081
66136
66328
66441
66607
66765
66803
66810
66949
67077
67110
67414
67573
67702
67782
68065
68082
68093
68181
68210
68448
68531
68659
68816
68827
69107
69373
69896
69963
69987
70216
70317
70552
70615
70958
71091
71172
71244
71308
71570
71615
72096
72115
72224
72467
72817
72936
72941
73255
73332
74123
74293
74511
74795
75276
75354
75388
75425
75497
75537
75560
75618
75623
75628
75655
75672
75706
75844
76020
76026
76365
77050
77201
77304
78140
78298
78454
78762
78963
79626
79638
80156
80201
80415
80551
80553
80608
80625
81249
81368
82315
82413
82453
82811
82871
82984
83044
83228
83270
83504
83799
83901
83921
83993
84268
84402
84695
84770
85054
85142
85326
85623
85691
85900
86351
86482
86491
86835
86920
87085
87431
87548
87662
88345
88488
88506
88660
88733
88751
88772
88969
89085
89604
89637
90051
90358
90875
90992
91240
91543
91703
92106
92155
92296
92722
93614
93636
93642
93696
93772
93867
93914
94246
94305
94676
94704
94763
94860
94892
94939
94952
94953
95029
95255
95334
95481
95587
95771
95944
96127
96325
96547
96549
96607
97006
97326
97451
97615
98544
98677
98822
99037
99499
100032
100136
100213
100226
100693
100701
102020
102272
102321
102441
102606
102742
102953
103029
103120
103201
103205
103592
103889
103954
103975
104273
104364
104397
104437
104775
104935
105012
105067
105070
105220
105396
105762
105806
105811
106180
106960
107585
107838
107894
108372
108738
108789
108830
108881
108941
109303
109448
109544
109864
109920
110335
110511
110724
110816
110916
111071
111081
111102
111131
111136
111433
111583
111642
111940
112265
112409
112454
112478
112521
112957
113169
113925
114114
114137
114534
114547
114669
114678
116032
116040
116157
116410
116827
116850
116991
117529
117649
117888
117926
118290
118946
118972
119212
119712
119878
119938
119944
120325
120443
120541
120563
120567
120691
120822
121056
121084
121521
121808
122056
122665
122862
122985
123109
123147
123282
123791
124255
124299
124401
124479
124481
124577
126015
126174
126204
126453
126462
126500
126620
126751
126777
126982
127051
127115
127230
127593
127658
127674
127697
128086
128659
128673
129087
129103
129147
129486
129829
129843
130054
130988
131003
131028
131044
131110
131118
131217
131476
131621
132275
132581
132908
133335
133366
133422
133665
133754
134313
134340
134509
134615
135023
135488
135522
136011
136068
136153
136284
136353
136371
136377
136666
136798
136805
136845
136935
136950
136992
137088
137115
137242
137351
138002
138279
138398
138429
138458
138881
139418
140104
140231
140651
140653
140763
141103
141220
141231
141397
141676
141706
141751
141789
141995
142292
142313
142318
142770
143128
143278
143335
143538
143860
143984
144036
144183
144233
144283
144657
144984
145268
145350
145792
146013
146371
146623
146752
146939
147003
147082
147489
147650
147688
147969
148057
148066
148404
148416
148443
148520
148540
148811
148936
149131
149171
149209
149696
149721
149735
149818
149998
150326
151023
151052
151652
152086
152205
152345
152451
152857
152892
152908
152968
153010
153091
153120
153243
153334
153401
153430
153479
153651
153757
153832
154151
154177
154206
154500
154535
154592
154625
154655
154760
154786
154936
154970
155168
155216
155502
155522
155876
156181
156470
156561
156576
157109
157631
157933
157960
158200
158296
158297
158535
158610
158623
158739
158750
159012
159213
159360
159406
159438
159624
159687
159704
159724
159762
160058
160136
160142
160171
160657
160816
161073
161079
161313
161340
161413
161462
161478
161527
162383
162433
162459
162491
162500
162508
162510
162534
162956
163039
163175
163543
163713
164511
164657
165458
165630
165665
166060
166103
166154
166773
166805
166825
166870
167167
167280
167460
167541
168042
168188
168373
168417
168447
168521
168559
168703
169344
169600
169687
169937
169967
169991
169992
170292
170399
170516
170808
170992
171018
171070
171072
171744
171797
172114
172708
172758
172969
173002
173106
173195
173213
173359
173381
173493
173702
174088
174201
174429
174563
174623
174628
174922
174952
175267
175348
175524
175804
175871
176027
176036
176052
176220
176325
176819
176895
177148
178351
178375
178415
178556
178630
178857
178859
178970
179348
179455
179580
179927
180473
180826
180981
181118
181206
181940
182779
182795
182815
183016
183430
183448
183588
183645
183808
183985
184275
184283
184309
184729
184786
184932
184949
185274
185312
185407
185417
185522
185581
185584
186464
186478
186755
187188
187449
187813
187889
188069
188122
188164
188321
188386
188445
188756
188939
188952
189054
189146
189344
189368
189496
189539
190380
190586
191066
191139
191216
191764
191869
192144
192177
192370
192895
193183
193218
193270
193319
193491
193578
193763
193860
194078
194289
194325
194349
194761
194801
194823
194919
195136
195159
195180
195219
195247
195316
195942
195970
196080
196484
196700
196724
196778
197036
197080
197167
197554
198360
198742
198797
199037
199065
199150
199283
199443
199780
199866
199871
199976
200024
200083
200092
200105
200325
200501
200525
200671
201013
201283
201440
201766
201780
201784
202001
202534
202541
203147
203306
203566
203887
204212
204535
204551
204742
204958
205100
205102
205320
205445
205880
205926
206080
206110
206851
206941
206961
207066
207191
207417
207774
207799
207846
208247
208432
208434
208502
208538
208668
208794
209252
209559
209944
210108
210233
210663
210877
211084
211100
211211
211377
211429
211440
211568
211790
211854
211922
212040
212175
212209
212297
212305
212463
212555
212587
213060
213188
213347
213526
213662
214175
214195
214399
214480
214481
214823
214925
215051
215196
215218
215512
215663
215855
215922
215945
216285
216882
216923
216947
217148
217526
218407
218515
218782
218842
218888
218988
219129
219727
219739
219866
219886
220556
220681
220703
220767
220854
221055
221161
221410
221601
221824
221850
221996
222183
222255
222374
222395
222529
222630
222870
223062
223118
223185
223201
223566
223877
224058
224202
224834
224976
225509
225738
225771
226477
226757
226775
226802
226902
227046
227234
227493
227620
227799
227863
227911
227916
227985
227990
228451
228849
228885
229151
229835
229863
230111
230123
230202
230307
230436
230465
230535
230586
230627
230716
230778
230811
230994
231422
231474
231480
231820
232262
232696
232860
232964
233003
233219
233408
233885
234009
234090
234109
234121
234127
234553
234768
234845
234868
234929
234963
234966
235617
235853
235867
236093
236269
236370
236573
236716
236849
237582
237725
237801
237827
237853
237908
238052
238133
238193
238283
238386
238396
238419
238515
238648
238746
238769
239115
239305
239489
239775
239959
240065
240091
240486
241013
241071
241083
241490
241611
241640
241671
241695
241794
241934
242020
242098
242153
242618
242673
242701
242780
242790
242890
242905
243207
243374
243735
243975
244252
244349
244361
245808
245844
245860
246239
246497
246641
246953
247102
247423
247465
247644
248307
248394
248503
248606
248886
248957
249025
249222
249372
249481
249628
249919
250030
250055
250954
250998
251411
251622
251697
251703
251704
252159
252168
252299
252488
252619
252705
252729
252881
252987
253011
253050
253352
253393
254008
254072
254149
254172
254211
254377
254653
254763
254823
255232
255522
256430
256480
256696
256713
256959
256986
257007
257315
257643
258178
258320
258398
258447
258649
259086
259230
259373
259458
259520
259609
259845
260044
260163
260230
260478
260514
260965
260990
261054
261150
261155
261827
262312
262408
263157
263160
263200
263267
263288
263307
263367
263734
263881
264116
264265
264334
264593
264622
264746
264827
264837
265332
265638
265893
265894
266462
266656
266659
266776
267226
267376
267654
267700
267828
268491
268538
268549
268695
268709
268756
268777
269117
269175
269350
269587
269714
269996
270000
270007
270237
270244
270245
270447
270508
270648
270808
271120
271152
271222
271344
271348
271520
271551
271686
271921
272145
272252
272672
272733
272735
272753
272755
272761
273148
273404
273804
274177
274342
274645
274928
275065
275369
275564
275587
275687
275724
275728
275741
275762
275868
276308
276362
276368
276643
276820
276865
277087
277172
277255
277264
277366
277850
277877
278231
278355
278448
278665
278676
278729
278781
279346
279759
280103
280606
280754
280843
281001
281068
281149
281346
281650
281993
282132
282480
282663
283092
283673
283790
283910
283938
284016
284086
284134
284233
284234
284743
284916
285050
285118
285131
285287
285384
285409
285909
285954
286000
286195
286500
286912
287281
287513
287542
287843
287849
287913
287921
287951
288427
289075
289123
289723
289771
289923
289959
289999
290029
290140
290272
290540
290548
290595
290681
290873
290918
291031
291097
291349
291504
292062
292102
292109
292345
292378
292415
292776
293196
293283
293700
293750
293818
293830
293887
293898
293922
293966
294114
294230
294260
294265
294282
294595
295233
295248
295264
295595
295699
295711
296306
296318
296454
296952
297181
297294
297344
297596
297611
297767
297948
297985
298071
298235
298290
298293
298326
298583
298856
298997
299239
299297
300273
300382
300636
300715
300823
300922
300981
301136
301139
301180
301612
301673
301814
301992
302254
302435
302693
302771
302830
302908
303085
303089
303330
303377
303627
303685
303721
304166
304269
304380
304481
305162
305195
305198
305205
305273
305402
305406
305797
305873
306238
306736
306839
306851
306948
306950
307089
307196
307263
307419
307470
307550
307653
307704
307731
308121
308241
308248
308308
308530
308540
308717
308897
309032
309118
309155
309266
309457
309501
309621
310243
310497
310566
310611
310615
311310
311383
311794
312191
312250
312632
312668
312800
312849
312859
313246
313659
314295
314369
315131
315315
315367
315648
316135
316157
316335
316368
316421
316440
316726
316779
317050
317250
317257
317355
317532
317616
317708
317918
317967
318244
318396
318459
318919
319139
319334
319613
320033
320203
320679
320777
320814
320928
320930
321028
321052
321145
321693
321724
321753
321959
322162
322188
322401
322402
322583
323108
323335
323372
323416
323508
323514
323539
323949
324022
324181
324201
324242
324257
324344
324431
324642
324879
324994
325008
325136
325296
325489
325520
325545
325552
325566
325598
326473
326515
327378
327391
327397
327516
327602
327669
327744
328002
328300
328665
328762
328789
329169
329322
329397
329526
329547
329573
329650
329779
329909
330176
330198
330434
330764
330894
331287
331551
331659
331803
332175
332784
333382
334155
334748
334797
335176
335450
335493
336140
336189
336198
336294
336325
336332
336341
336767
337411
337540
337656
337703
337734
337778
337790
337906
338009
338692
338865
338954
339217
339254
339498
339600
339811
340050
340132
340429
340658
340746
340846
341070
341226
341236
341240
341391
341408
341489
341707
341799
341938
342008
342057
342101
342419
342481
342662
342668
342792
343034
343071
343142
343378
343433
343490
343715
343745
343787
343844
343862
343871
343892
343912
343941
344681
345020
345306
345450
345554
345583
345737
346339
346373
346520
346616
346783
347006
347115
347222
347403
347485
347498
347500
348177
348361
348668
348669
348676
348711
348896
349619
349671
349778
349848
350104
350388
350541
350564
350682
351190
351334
351363
351457
351488
351501
351930
352128
352270
352468
352609
353086
353303
353534
354053
354795
354932
354966
355178
355476
355516
355665
355693
355816
355974
356174
356251
356437
356476
356811
357136
357487
357632
357781
357844
357856
358010
358375
358389
358530
359048
359146
359313
359322
359367
359421
359448
359567
359588
359770
359797
359859
359918
360171
360813
360816
360864
361329
361822
362078
362144
362657
362665
363046
363204
363283
363448
363534
363762
363961
364131
364175
364250
364305
364540
364829
364867
364885
365517
365523
365690
365696
365784
365802
366614
366702
366766
366879
367159
367320
367414
367419
367432
367648
367743
367851
367989
368291
368314
368443
368462
368591
368666
368714
368966
369047
369307
369356
369947
370009
370152
370741
370787
370830
371040
371425
371452
371907
371935
372019
372092
372251
372299
372332
372769
373117
373151
373155
373247
373465
373594
373710
373794
373934
374034
374043
374099
374149
374151
374262
374325
374624
374648
374664
374698
375018
375105
375154
375202
375563
375685
375860
375902
375950
376020
376096
376164
376271
376371
376382
376503
376575
376776
376848
377072
377116
377156
377216
377408
377614
377650
377652
377659
377721
377832
377898
378458
378900
378959
378980
379132
379513
379538
379713
379874
379888
379920
380016
380169
380172
380388
380467
380558
380641
380702
380754
381062
381133
381817
381828
382513
382666
382681
382690
382901
382933
382983
383034
383098
383102
383296
383492
383617
383652
384194
384341
384400
384446
384747
385100
385111
385646
385961
386111
386304
386332
386485
386691
386782
387081
387126
387364
387405
387441
387465
387610
387891
388179
388240
388410
388636
388873
388877
389002
389019
389146
389406
389769
389961
390093
390182
390301
390494
390617
390636
390685
390753
391038
391068
391176
391307
391724
391881
391908
391929
391930
391945
392015
392500
392717
392950
393160
393605
393689
394260
394346
394365
394684
394705
394716
394722
394791
394921
395100
395112
395258
395324
395341
395887
396996
397080
397104
397132
397179
397384
397388
397431
397643
397665
398008
398094
398580
398880
399072
399382
399409
399510
400075
400269
400557
400640
400651
400971
401325
401918
401950
402195
402225
402431
402456
402547
402706
402807
402869
402935
403097
403158
403532
403554
403932
403965
403984
404125
404386
404957
404980
405007
405015
405240
405266
405819
406082
406211
406342
406718
407027
407116
407464
407541
407905
407930
408053
408114
408251
408454
408489
408532
408535
408617
408658
408914
409074
409098
409151
409538
409625
409823
410156
410358
410382
410476
410524
410573
410836
410891
410977
411100
411263
411295
411763
411825
412136
412548
412777
412797
412829
412933
412998
413007
413063
413079
413245
413484
413511
413796
413807
414112
414543
414673
414962
415043
415446
415471
415581
415865
416195
416207
416300
416459
416462
416641
416785
416800
416815
416930
417156
417682
417729
417941
417951
417981
418422
418445
418490
418594
418614
418676
418718
418869
418881
418978
419396
419978
420367
420485
420508
420594
420623
420698
421254
421332
421365
421835
421890
421901
422096
422371
422393
422425
422620
422649
422976
423010
423022
423258
423302
423493
423512
423632
423935
424083
424131
424173
424184
424271
424532
424560
424584
424980
425041
425159
425228
425464
425471
425484
425760
425783
426867
426927
426945
427254
427336
427488
427510
428178
428260
428421
428603
428656
428786
428865
428898
428962
429174
429431
429454
429580
429691
430094
430184
430301
430337
430560
430640
431149
431171
431252
431706
431964
432581
432587
432875
432972
433123
433685
433981
434128
434156
434238
434590
434603
434664
435126
435222
435395
435410
435448
435526
435544
435642
435647
435687
435859
436347
436559
436927
437079
437396
437611
437737
437745
437785
438029
438370
438484
438761
438904
439004
439386
439448
439480
439561
439583
439641
439652
439694
440100
440295
440439
440591
440803
440951
440972
440997
441014
441114
441246
441252
441263
441559
441599
441994
442127
442754
442758
442771
442804
442921
443234
443246
443324
443619
444445
444626
445420
445429
445561
445947
445997
446089
446171
446184
446599
446888
446927
447153
447164
447571
447703
447707
447817
447818
447913
447914
448015
448257
448468
448702
448890
448915
449056
449307
449519
449558
449564
449621
449629
449680
449759
449873
449916
450113
450414
450429
450483
450691
451183
451199
451246
451503
451590
451795
452003
452116
452227
452245
452305
452368
452437
452956
453171
453240
453492
453513
453693
453813
453885
454009
454111
454187
454684
454741
455701
455720
455739
455838
455930
456269
456296
456366
456874
457251
457286
457292
457366
457393
457653
457724
458250
458504
458693
458771
458813
458937
459146
459343
459730
459846
460057
460088
460258
460285
460312
460314
460552
460574
460707
460751
460757
460928
461051
461120
461727
461835
461899
462016
462234
462265
462282
463641
463751
463759
463998
464091
464132
464289
464343
464519
464543
464620
464692
464836
464926
464992
464999
465215
465265
465298
465305
465358
465360
465644
465812
466000
466053
466125
466170
466183
466217
466734
466762
466797
466814
467635
467734
468239
468266
468572
468686
468739
468868
469206
469211
469422
469433
469465
469530
469654
469735
469869
469871
469954
470042
470067
470161
470213
470224
470355
470740
470775
470832
471421
471496
471734
471848
471881
471916
472030
472119
472244
472370
472386
472600
472798
473230
473238
473759
473847
474286
474363
474539
474605
474625
474671
474935
475247
475260
475296
475375
475581
475590
475605
475743
475763
476143
476168
476344
476360
476669
476726
476910
476925
476936
477416
477524
477543
477626
477664
477696
477731
477796
478164
478167
478210
478212
478215
478431
478547
478607
478608
478641
478992
479091
479416
479417
479434
479477
479575
479620
479779
480355
480608
480612
480722
480756
480763
480956
480958
480967
481107
481278
481348
481447
481622
482288
482411
482637
482721
483092
483309
483343
483417
485079
485119
485204
485348
485350
485712
485887
486126
486174
486298
486528
486862
486894
486960
487008
487055
487263
487545
487984
488332
489111
489387
489475
489548
489579
490103
490132
490179
490219
490221
490320
490376
490485
490503
490507
490628
490833
491425
491452
491532
491644
491647
491746
491819
491849
492092
492179
492345
492381
492396
492417
492908
492909
492911
493154
493188
493226
493425
493612
493681
493929
494065
494115
494195
494352
494505
494661
494883
494946
495116
495118
495250
495310
495351
495355
495793
495896
495963
496499
496694
496816
497121
497526
497713
497746
497924
498030
498260
498280
498510
498641
498661
498694
498752
498757
498880
498917
498996
499059
499079
499252
499531
499740
499837
499920
499960
500085
500141
500156
500193
500265
500556
501207
501305
501640
501800
501843
501862
501901
502297
502582
502603
502604
502641
502670
503116
503831
504204
504803
505285
505306
505320
505557
505686
505705
506058
506093
506305
506373
506445
506500
506665
506989
507169
507328
507389
507637
507646
507666
507718
507776
507792
507831
507845
507916
508003
508079
508403
508485
508590
508632
508652
509106
509152
509184
509742
510235
510341
510425
510509
510686
511060
511088
511315
511326
511671
511899
511921
511972
512209
512667
512798
513043
513289
513957
514078
514089
514153
514415
514644
514693
514776
514994
515009
515013
515231
515452
515468
515570
515617
515757
515785
515864
516517
516808
517360
517440
517471
517541
518471
518519
518756
518763
519216
519226
519294
519311
519409
519730
519874
519956
519963
520040
520277
520416
520420
520422
520435
520744
520852
520900
521061
521457
521587
522399
522813
523279
523338
523457
523526
523542
523766
523899
524337
524341
524463
524679
524734
525096
525104
525287
525294
525370
525577
525626
525656
525727
525758
525774
526028
526057
526297
526688
526802
526965
526966
527137
527284
527309
527340
527367
527408
527427
527601
527695
527721
527722
527773
528437
528560
528574
528621
528899
529055
529101
529202
529446
529580
529592
529593
529605
529668
529737
529738
529799
529833
529835
529838
529848
530004
530074
530078
530264
530292
530730
530739
530770
530782
530831
531131
531329
531342
531350
531375
531382
531568
531594
531602
531774
532190
532654
532981
532994
533364
533449
533557
533807
534018
534202
534308
534309
534608
534665
534711
534719
534795
534806
534818
534823
534926
536044
536173
536179
536304
536559
536607
536652
537067
537086
537269
537716
537745
537788
537969
538154
538358
538409
538511
538744
538768
539003
539092
539303
539322
539350
539396
539488
539807
539827
540003
540407
540446
540551
540916
541150
541169
541450
541873
541991
542531
542657
542789
543000
543057
543094
543165
543181
543231
543391
543392
544020
544168
544182
544194
544271
544282
544523
544577
545153
545292
545480
545756
545981
546465
546569
546837
546939
546950
546976
547129
547212
547300
547566
547579
547773
547802
547804
547950
548002
548003
548193
548776
548831
549023
549181
549700
549819
549874
549911
550097
550100
550217
550276
550506
550553
550583
550602
550610
550791
550802
550916
550978
551390
551443
551452
552092
552582
552716
552754
553036
553100
553242
553247
553296
553327
553586
553719
554085
554250
554509
554601
554615
554623
554792
555153
555216
555449
555636
555775
555818
555845
555945
556093
556224
556401
556501
556589
556641
556714
556899
557046
557136
557391
557643
557742
557769
557815
558094
558618
558995
559021
559048
559132
559304
559344
559610
559716
559717
559726
560057
560181
560255
560405
560562
560588
560646
560687
560761
560785
560942
561475
561553
561645
561773
561924
561930
562013
562158
562159
562255
562296
562361
562722
562768
562886
562944
562955
563148
563177
563727
563821
564392
564395
564470
564493
564609
564611
564769
564789
565261
565351
565407
565409
565442
565539
565653
565675
565925
566447
566467
566506
566563
566597
566600
566619
566821
566828
566894
566934
567018
567058
567197
567216
567277
567816
568093
568210
568231
568263
568741
568936
568972
568987
569010
569048
569485
569493
569741
569781
569808
569866
569903
570074
570111
570191
570231
570264
570265
570290
570534
570561
570645
570685
570694
570712
570719
570855
570889
570906
571642
571726
571791
571793
571842
571845
572024
572112
572125
572176
572303
572305
572325
572504
572819
572851
573230
573308
573311
573574
573658
573659
573943
574093
574135
574141
574409
574488
574577
574616
574714
574744
574775
575261
575280
575379
575795
576065
576126
576424
576456
576666
576676
576774
576837
576856
576929
576968
576981
577128
577304
578176
578284
578290
578346
578383
578396
578419
578438
578519
578787
578875
579064
579068
579379
579466
579539
579664
579720
579877
579912
580303
580493
580515
580665
580702
580979
580995
581099
581305
581422
581459
581500
581571
581652
581735
581771
582050
582064
582210
582223
582269
582418
582569
582710
582727
582999
583009
583125
583386
583387
583418
583652
583703
583977
584023
584218
584244
584268
584398
584554
584599
584609
584836
584838
585121
585198
585373
585459
585806
585894
585897
586008
586117
586353
586646
586943
587184
587384
587389
587574
587580
587809
588158
588343
588438
589117
589217
589220
589343
589507
589689
589753
589923
590073
590128
590133
590499
591218
591224
591458
591704
592297
592404
592541
592542
592664
592925
593211
593354
593458
593475
593496
593514
593760
593821
593904
594157
594366
594427
594495
594508
595089
595258
595389
595486
595768
595811
596174
596307
596408
596537
596570
596770
596779
596831
596868
597107
597144
597206
597229
597257
597690
597749
597771
598067
598114
598355
598926
599246
599301
599392
599425
599512
599560
600219
600255
600393
600492
600625
601550
601586
601632
601646
601676
601693
601767
602240
602489
602636
602701
602755
602759
602798
602831
602941
603085
603086
603094
603127
603244
603894
603899
604259
604274
604319
604469
604515
604531
604828
604842
604967
605394
605519
605622
606071
606348
606405
606714
606891
607225
607405
607453
607502
607735
607934
608367
608489
608698
608702
609078
609095
609145
609181
609304
609510
609679
609713
610039
610042
610051
610066
610390
610541
610796
610834
610976
611243
611320
611322
611353
611525
611574
611583
611590
611757
611880
611892
611920
612310
612521
612752
612903
612917
613180
613189
613255
613257
613971
614368
614432
614595
614762
614870
615001
615133
615236
615617
615626
615946
616026
616301
616664
616726
616730
616774
616795
616855
616882
616938
617063
617187
617282
617331
617348
617673
617747
618477
618682
618683
619239
619288
619416
619435
619577
619894
620138
620420
620609
620655
620687
620734
621052
621224
621376
621552
621678
621735
621745
621760
621864
622328
622482
622758
623203
623249
623323
623942
623982
623989
624024
624131
624159
624381
624461
624478
624637
624741
624857
624931
624974
625492
625669
625875
626057
626326
626433
626706
626729
626762
627096
627654
627671
628615
629059
629276
629593
629653
630126
631598
631679
631687
631897
631926
631985
633019
633136
633137
633179
633180
633204
633231
633462
633463
633519
633627
633924
634102
634344
634426
634656
635113
635141
635160
635186
635234
635627
635836
635865
635882
636376
636408
636558
636561
636594
636606
636686
637680
637821
638015
638086
638096
638327
638522
638645
638779
638910
638940
638956
638958
638966
639272
639315
639327
639355
639827
640053
640074
640170
640340
640645
640781
640898
641066
641717
641743
641748
641749
641892
642210
642462
642481
642507
642524
642530
642631
642745
642754
642826
643045
643091
643187
643209
643257
643258
643317
643575
643663
644208
644482
644544
644600
644695
644709
645040
645103
645316
645616
645618
645994
646016
646075
646105
646332
646506
646512
646728
646953
647144
647261
647451
647556
647674
648065
648127
648343
648392
648716
648885
648944
648972
649079
649141
649159
649164
649327
649344
649368
649442
649568
649814
649823
649949
650105
650563
650574
650623
650643
650847
650855
650980
651408
651418
651477
651486
651517
651592
651629
652017
652262
652526
652646
652783
653083
653084
653286
653547
653741
653807
653950
653962
654163
654330
654397
654461
654519
654591
654618
654636
654800
655076
655126
655157
655163
655171
655408
655424
655520
655596
655832
655903
655904
655926
656414
656450
656513
656748
656750
656769
657101
657238
657249
657258
657351
657358
657733
657788
658043
658054
658066
658788
658891
659034
659233
659271
659293
659534
659628
659978
660220
660230
660236
660331
660420
660717
660809
660892
661003
661062
661149
661169
661170
661371
661385
661401
661655
661662
661663
661798
661859
661892
661907
661956
662066
662556
662611
662703
663076
663307
663539
663563
663613
663618
663660
663784
663812
663828
663973
664080
664562
664571
664660
664726
664728
664839
664945
664975
665262
665343
665360
665435
665544
665898
666016
666172
666236
666284
666300
666319
666337
666467
666955
667328
667449
667461
667603
667773
667782
668009
668063
668126
668164
668233
668464
668527
668539
668709
668894
669319
669554
670004
670061
670165
670251
670425
670428
670444
670452
670640
670830
671054
671133
671317
671950
672213
672440
672595
673515
673529
673537
673580
673719
673821
674710
674788
674951
675042
675213
675437
675454
675598
675637
675705
675834
676047
676253
676512
676781
676810
676862
677027
677032
677439
677455
677513
677534
677568
677619
677688
678669
678699
678700
679036
679075
679267
679318
679551
679731
679959
679967
680092
680125
680530
680747
680822
681455
681674
681733
681754
681786
681801
681807
681886
681959
681968
682185
682829
682893
683055
683375
684108
684133
684138
684159
684237
684238
684239
684796
684843
684919
684994
685087
685489
685597
685649
685677
685856
685962
686181
686462
686554
687157
687263
687503
687826
688484
688601
689212
689376
689407
689451
689798
690335
690376
690414
690433
690756
690837
690967
691239
691264
691477
691483
691644
691803
691827
691882
691891
691897
691907
691930
691972
692107
692328
692478
692716
693067
693219
693262
693274
693284
693366
694015
694027
694068
694254
694274
694300
694530
694858
695174
695543
695614
695896
695995
695999
696057
696079
696168
696180
696357
696406
696463
696476
696682
696962
697472
697479
697594
697600
697637
697704
697716
697733
697982
698039
698120
698460
699726
699740
699746
700061
700103
700224
700389
700410
700437
700534
700745
700935
701073
701261
701490
701560
701873
701879
701902
701938
702145
702151
702200
702231
702323
702521
702897
702914
702922
702933
702946
703305
703409
703743
703836
703973
704328
704426
704442
704601
704758
705257
705354
705450
705566
705753
705757
705897
706364
706376
706942
707003
707054
707118
707178
707294
707362
707393
707461
707619
707769
707773
707924
708025
708095
708294
708306
708345
708533
708720
708844
709267
709290
709606
709709
710260
710263
710377
710419
710431
710539
710592
710918
710993
711013
711026
711234
711684
711862
711879
712156
712171
712280
712752
712794
712968
713075
713466
713620
713746
714157
714170
714518
714585
714734
714787
715106
715479
715545
715668
715723
715841
716031
716773
716808
716939
716958
717422
717479
717666
717734
717748
717795
717801
717938
717946
718276
718483
718629
718653
718830
718831
719949
720172
720179
720201
720225
720277
720361
720368
720452
720573
720765
720789
720880
721006
721064
721177
721285
721287
721561
721637
721852
722125
722481
722799
722800
722830
722876
723240
723259
723275
723393
723589
723632
723726
723963
724117
724158
724333
724805
725308
725985
726182
726238
726249
726265
726469
726554
726867
727457
727467
727832
727930
727931
727962
728009
728230
728242
728278
728315
728456
728699
728888
728947
729044
729094
729165
729290
729388
729389
729489
729967
729994
730279
730702
730736
730737
730888
730923
730984
731269
731271
731462
731837
731840
731845
732169
732257
732754
732766
732847
733058
733167
733218
733359
733401
733435
733499
733507
733556
733644
733704
733812
733971
734021
734046
734440
734803
735152
735187
735193
735242
735377
735732
735769
735871
735897
736428
736564
736591
736690
736714
736892
736935
737219
737458
737575
737642
737682
737800
737839
737862
738047
738370
738598
738741
738783
738862
739216
739356
739462
739628
739723
739724
739901
739922
740162
740694
740712
741377
741598
741726
742361
742427
742667
742863
742864
743077
743182
743206
743258
743453
743464
743711
743816
744151
744263
744323
744345
744853
744903
745008
745078
745092
745331
745699
745910
745914
745944
746078
746227
746288
746298
746419
746432
746451
746465
746520
746585
746606
747062
747339
747419
747624
747685
747760
747893
747939
748157
748398
748409
748623
748637
748918
748975
749301
749502
749507
749529
749703
749859
749913
749976
750457
750526
750728
750846
750848
750888
750907
751124
751239
751251
751285
751396
751421
751448
751609
751735
751794
752093
752274
752389
752475
752490
752936
752987
753132
753447
753450
753458
753623
753787
753831
753847
753864
754176
754181
754343
754536
754558
754882
755189
755214
755443
755470
755597
755619
755623
756034
756107
756375
756404
756520
756524
756529
756996
757061
757402
757431
757608
757614
757859
758101
758334
758419
758676
758793
759085
759095
759179
759227
759535
759750
759826
760099
760291
760428
760471
760691
760699
760709
760855
761040
761047
761428
761610
761836
761918
761967
762091
762122
762280
762293
762308
762403
762645
762754
762898
762916
763297
763383
763813
764078
764198
764200
764246
764466
764469
764485
764578
764714
764857
764987
765116
765127
765306
765502
765588
765594
765655
765696
765722
766023
766161
766201
766344
766490
766678
767350
767481
767621
768110
768118
768126
768198
768226
768366
768455
768478
768504
768560
768574
768647
768672
768712
769001
769022
769136
769205
769417
769420
769449
769728
770046
770124
770578
770635
770879
771090
771185
771311
771361
771447
771460
771464
771657
771750
771942
772399
772598
772624
772634
772960
773463
773552
773677
773901
773939
774023
774334
774414
774421
774712
774728
774730
775020
775037
775059
775065
775257
775284
775304
775376
775746
775763
776267
776345
776394
776508
776757
776991
777193
777253
777290
777396
777442
777466
777692
778179
778293
778579
778734
778761
778777
778804
778920
779045
779128
779131
779330
779783
779789
779799
780024
780312
780502
780942
780954
781243
781297
781504
781980
781985
782000
782031
782152
782157
782280
782349
782406
782423
782522
782553
782607
782717
782813
783179
783430
783621
783646
783726
783784
783858
783921
783962
783963
784379
784413
784707
784763
784943
785177
785179
786299
786316
786519
786641
787046
787477
787605
787696
787707
787940
787950
788113
788202
788514
788992
789170
789433
789502
789593
789803
789821
789983
789998
790073
790100
790103
790248
790456
790483
790528
790564
790679
790838
791023
791074
791199
791230
791241
791457
791933
791940
792002
792022
792062
792071
792114
792138
792165
792167
792216
792599
792644
792772
793235
793268
793351
793464
793624
794055
794097
794310
794357
794415
794425
795254
795458
796119
796158
796577
796677
796697
797007
797018
797303
797312
797411
797895
797910
797922
798225
798234
798477
798554
798642
798721
798985
799029
799824
799832
799835
800053
800059
800060
800179
800313
800318
800329
800843
800869
800915
801145
801363
801449
801462
801938
801956
801991
802249
802341
802360
802364
802393
802717
802740
802756
802876
802980
803081
803213
803226
803348
803556
804273
804988
805197
805338
805349
805547
805695
805799
806055
806109
806274
806377
806662
806858
806931
806969
807025
807104
807363
808255
808283
808321
808406
808497
808645
808772
808803
808849
808852
808902
809129
809152
809170
809193
809195
809365
809434
809504
809621
809668
809670
810168
810238
810436
810572
810614
810714
810757
810881
811025
811097
811129
811144
811504
811513
811702
811954
812309
812591
812709
812906
812952
813327
813360
813385
813405
813417
813820
814188
814271
814309
814531
814561
814639
815006
815083
815115
815151
815262
815267
815303
815735
816026
816116
816475
816652
816765
817054
817119
817125
817171
817176
817422
817569
817698
818073
818162
818241
818441
818476
818487
818524
818553
818557
818894
818926
819070
819230
819348
819394
819405
820060
820156
820505
820768
820933
821008
821121
821183
821237
821701
821790
821806
821842
822285
822523
822651
822670
822721
822729
822779
822813
822820
822824
823062
823079
823239
823417
823466
823534
823670
823794
823821
823987
824130
824211
824222
824258
824304
824380
824543
824653
824747
824812
825038
825068
825350
825706
825961
825981
825990
826043
826219
826341
826401
826471
826512
826525
826573
826585
826611
827072
827119
827150
827376
827689
827744
827796
827900
827979
828088
828100
828118
828151
828165
828292
828394
828412
829104
829135
829458
829506
829583
829729
829889
829895
830289
830457
830646
830853
830868
830871
831117
831160
831280
831285
831298
831581
831677
831937
831954
832240
832645
832648
832777
833116
833246
833261
833796
833997
834813
835400
835730
835807
836173
836363
836365
836409
836836
836844
836917
836975
837500
838209
838302
838312
838327
838349
838608
838630
838759
838832
839015
839047
839165
839194
839506
839819
839973
839990
840151
840319
840689
840977
841116
841435
841495
841615
841618
841632
841660
841703
841839
841867
841884
841938
842017
842418
842474
842530
842771
842773
842932
842941
843004
843037
843068
843195
843282
843384
843388
843940
844092
844417
844530
844691
844925
844956
845045
845062
845147
845185
845331
845431
845475
845548
845606
845757
846510
846840
846962
846996
847061
847063
847241
847288
847606
847637
847642
847655
848335
848343
848517
848569
848596
848758
848772
849082
849118
849496
849527
849856
849930
850127
850133
850165
850171
850221
850228
850364
850368
850410
850606
850823
850882
851174
851239
851246
851429
851551
851873
852247
852341
852537
852540
853050
853246
853284
853590
853641
853703
853889
853968
853987
854338
854430
854433
854464
854478
854583
854675
855182
855197
855279
855427
855526
855711
856032
856082
856574
856921
857170
857296
857304
857309
857484
857660
857749
857757
857971
858030
858294
858297
858331
858445
858458
858586
858590
858599
858622
859083
859147
859161
859267
859339
859473
859556
859624
859748
859770
859798
860055
860820
860828
860864
860919
861142
861143
861363
861373
861610
862219
862225
862276
862302
862351
862438
862486
862503
862772
862935
863013
863287
863329
863373
863694
863817
863818
864088
864114
864322
864360
864684
865146
865538
866299
866741
867132
867149
867211
867258
867263
867396
867812
867833
868497
868543
868557
868697
869017
869220
869227
869281
869301
869318
869590
869631
869684
870036
870323
870415
870567
870666
870679
870706
870955
871464
871607
871965
872104
872162
872183
872300
872302
872307
872342
872892
872939
872943
872983
873058
873598
873613
873629
873653
874194
874405
874442
874555
874692
875174
875515
875772
876542
876665
876748
877356
877384
877410
877836
877947
877994
878013
878323
878403
214189
878624
878640
878785
878890
879199
879226
879285
879440
879592
880224
880261
880498
880992
881110
881354
881476
881593
882066
882248
882292
882565
882570
883309
883324
883485
883531
883758
883920
884430
884491
884507
884944
885127
885303
885412
885420
885533
885878
885939
885950
885980
886046
886223
886229
886547
887057
887285
887327
887338
887402
887504
887550
887850
887900
888276
888572
888629
888698
888702
889159
889173
889379
889640
889893
890030
890071
890153
890245
890451
890657
890659
890674
890686
890719
890736
890776
891170
891248
891281
891443
891693
891730
891800
891830
892058
892512
892990
893018
893215
893243
893285
893321
893498
893506
893670
893683
893698
893874
893892
893906
894129
894368
894458
894684
895104
895140
895161
895777
895963
896411
896555
896999
897378
897496
897521
897573
897784
897787
897816
897845
897853
897924
898008
898078
898107
898143
898207
898461
898542
898726
898833
898976
899151
899164
899401
899478
899548
899683
899832
900226
900391
900449
900764
900769
901094
901167
901220
901286
901520
901722
901809
902049
902375
902450
902589
902678
902907
903018
903084
903123
903167
903277
903374
903649
904004
904048
904188
904198
904210
904410
904416
904975
905262
905366
905441
905490
905491
905518
905706
905736
905741
905742
905797
906576
906788
906807
906866
906872
907127
907256
907737
907946
908041
908247
908502
908587
909192
909197
909379
909438
909443
909625
909636
909710
909746
909915
910117
910668
911010
911106
911111
911125
911154
911360
911648
912232
913225
913610
913625
914024
914026
914123
914194
914365
914381
914517
914664
914676
914725
914856
914966
915100
915169
915431
915453
915546
915752
915884
916010
916125
916229
916492
916973
917138
917449
917579
917668
917818
917927
918071
918211
918367
918557
918561
918615
918653
919387
919497
919701
919739
919750
919967
920096
920128
920303
920662
921061
921068
921086
921145
921206
921249
921285
921576
921586
921715
921726
921992
922145
922148
922324
922482
922586
922827
922890
922910
923067
923137
923233
923347
923354
923400
923740
924200
924233
924235
924299
924313
924720
924764
924841
924935
924951
925104
925319
925612
925710
926291
926336
926356
926841
927395
927571
927575
927594
927782
927869
928149
928182
928188
928300
928345
928347
928489
928493
928590
928755
928808
928922
928952
929250
929354
929392
929515
929718
929738
929855
929969
930307
930364
930487
930534
930701
930815
930938
931094
931201
931469
931651
931652
931741
931744
931861
931914
932171
932549
932596
932756
933839
934205
934868
934909
934999
935022
935037
935214
935272
935292
935351
935492
935543
935901
935981
936105
936169
936593
937245
937248
937420
938143
938226
938401
938694
939192
939506
939613
939706
939749
940192
940207
940224
940274
940366
940713
941038
941174
941281
941294
941300
941703
941777
941812
942259
942472
942556
942612
942751
942830
943006
943177
943242
943243
943276
943295
943336
944013
944044
944187
944474
944542
944561
944595
944596
945116
945642
945703
945823
946144
946170
946275
946352
946455
946474
946620
946770
946922
946924
946944
947009
947496
947511
947522
947711
947724
948114
948319
948553
948562
948564
948738
948740
948865
948915
948916
949218
949229
949245
949499
949673
949687
949689
949707
949710
949757
949850
950103
950185
950276
950312
950543
950616
950974
951000
951096
951280
951567
951708
951924
951939
951967
951973
952498
952864
952870
952880
952902
953184
953411
953443
953549
953574
953575
953847
954189
954252
954333
954434
954661
954808
954809
955517
955637
955859
955918
955931
956051
956054
956534
957051
957067
957072
957076
957500
957503
957508
957522
957603
957650
957676
957689
958218
958253
958419
958425
958595
958639
958665
958674
958726
958771
959224
959249
959251
959508
959947
960196
960199
960321
960732
960851
960853
960917
961170
961405
961666
961864
961895
961913
961939
962054
962079
962411
962509
962597
962607
962724
962739
963105
963257
963318
963497
963502
963738
963768
964058
964223
964224
964278
964404
964464
964540
964639
964802
964821
964841
964848
965072
965074
965500
965514
965600
965638
965842
965923
965959
966007
966044
966053
966218
966250
966286
966296
966412
966661
966785
966836
966910
966917
966926
967410
967459
967624
967636
967642
967741
967848
967907
967913
968138
968253
968449
968519
968667
969085
969124
969287
969318
969748
969768
969792
969813
969819
969986
970050
970108
970464
970698
970819
970858
971037
971609
971679
971814
972145
972330
972405
972475
972543
972600
972756
972796
973065
973347
973478
973588
973778
973848
973869
974101
974122
974128
974152
974654
974723
974727
974742
975046
975364
975437
975828
975889
975951
975988
976067
976349
976579
976592
976605
976848
976913
976974
977085
977153
977251
977254
977516
977778
977934
977985
978120
978153
978253
978316
978399
978414
978436
978492
978864
978944
978997
979091
979113
979206
979265
979422
979518
979583
979727
979929
979991
980034
980101
980109
980439
980530
980543
980644
980687
980801
980936
981113
981448
981545
982229
982253
982371
982500
982607
982753
982829
982860
983010
983026
983067
983089
983102
983990
984519
984600
984601
984693
984761
984790
984862
984996
985005
985486
985721
985748
985880
985927
985978
986205
986467
986691
986784
986801
986854
986934
987055
987067
987177
987285
987318
987585
988146
988314
988325
988343
988364
988577
988647
988665
988770
989138
989195
989226
989363
989428
989464
989478
989641
989738
990019
990310
990451
990534
990590
990829
990945
991212
991483
991509
991510
991754
992495
992538
992566
992592
992904
993001
993110
993251
993305
993614
993741
993790
993809
993878
993938
994150
994153
994168
994209
994334
994786
994979
995106
995127
995154
995240
995309
995383
995719
995967
996036
996200
996231
996376
997100
997154
997200
997466
997479
998264
998295
998515
998628
999230
999558
999559
999585
999608
999628
999785
999858
999891
999916
1000170
1000423
1000457
1000928
1000943
1001040
1001310
1001363
1001415
1002011
1002247
1002276
1002794
1002847
1002852
1002875
1003454
1003542
1003547
1003597
1003721
1004114
1004161
1004423
1004600
1004666
1004919
1005494
1005516
1005537
1005689
1005703
1005770
1005875
1005930
1006209
1006354
1006355
1006496
1006772
1006868
1006907
1007585
1007836
1007898
1007915
1008185
1008257
1008301
1008610
1008762
1008923
1008964
1009117
1009219
1009469
1009586
1009673
1009707
1009886
1009919
1010025
1010102
1010280
1010309
1010416
1010613
1010666
1010683
1010851
1011123
1011465
1011734
1012041
1012249
1012262
1012387
1012406
1012505
1013095
1013283
1013309
1013423
1013627
1013658
1013839
1014034
1014050
1014076
1014179
1014496
1014551
1014563
1014642
1014721
1014785
1015086
1015105
1015184
1015197
1015217
1015239
1015242
1015444
1015799
1015822
1015912
1015914
1015955
1016123
1016161
1016174
1016378
1016392
1016432
1016622
1016794
1017039
1017058
1017073
1017186
1017242
1017358
1017371
1017479
1017717
1017863
1018054
1018162
1018166
1018178
1018191
1018204
1018328
1018501
1018526
1018540
1019027
1019265
1019604
1019650
1019659
1019885
1020170
1020267
1020347
1020368
1020408
1020568
1020572
1020606
1020752
1020784
1021053
1021238
1021249
1021433
1021434
1021492
1021505
1021508
1021543
1021632
1021681
1021763
1021839
1022286
1022305
1022313
1022451
1022879
1023289
1023415
1023654
1023830
1023837
1024089
1024256
1024663
1024901
1024934
1025000
1025046
1025179
1025224
1025253
1025313
1025328
1025365
1025576
1026228
1026259
1026480
1026683
1026850
1026876
1027094
1027404
1027538
1027664
1027714
1027815
1027846
1028154
1028602
1028638
1028870
1029636
1029840
1029890
1029906
1030333
1030419
1030524
1030572
1031081
1031110
1031118
1031248
1031267
1031548
1031676
1031682
1031687
1032020
1032057
1032060
1032083
1032183
1032567
1032695
1032793
1032810
1033132
1033413
1033713
1033718
1033730
1033787
1034008
1034308
1034334
1034390
1034479
1034688
1035096
1035104
1035124
1035312
1035344
1035491
1035494
1035756
1036270
1036317
1036431
1036931
1036995
1037798
1037813
1037861
1038161
1038284
1038353
1038375
1038647
1038677
1039243
1039265
1039565
1039688
1039723
1040458
1040541
1040570
1040935
1041064
1041222
1041263
1041269
1041499
1041697
1041919
1042019
1042102
1042456
1042472
1042499
1042535
1042577
1042679
1042741
1042809
1043074
1043169
1043292
1043336
1043644
1043699
1043768
1043788
1043933
1043999
1044442
1044537
1044731
1045517
1045522
1045574
1045603
1046023
1046061
1046518
1046840
1046867
1046976
1047004
1047103
1047203
1047249
1047294
1047333
1047362
1047380
1047383
1047556
1047567
1047585
1047704
1048111
1048145
1048151
1048458
1048478
1048491
1048525
1048588
1049082
1049483
1049658
1049667
1049931
1050378
1050465
1050480
1050528
1050542
1050865
1051192
1051206
1051513
1051519
1051830
1051889
1052077
1052157
1052303
1052712
1052740
1052798
1052893
1052944
1052950
1052951
1053051
1053067
1053177
1053422
1053452
1053464
1053570
1053601
1053727
1053898
1054047
1054195
1054341
1054600
1055019
1055051
1055161
1055183
1055191
1055580
1055615
1055645
1055954
1055978
1055982
1056016
1056169
1056325
1056411
1056420
1056601
1056827
1056888
1057051
1057057
1057413
1057784
1057790
1058136
1058326
1058423
1058476
1058530
1059000
1059249
1059273
1059298
1059327
1059330
1059387
1059666
1059768
1059788
1059823
1059878
1059907
1060057
1060070
1060106
1060137
1060162
1060339
1060420
1060535
1060687
1060851
1060866
1061006
1061023
1061046
1061076
1061153
1061538
1062085
1062173
1062185
1063001
1063132
1063218
1063313
1063481
1063519
1063526
1063605
1063666
1063732
1064004
1064264
1064335
1064379
1064434
1064448
1064585
1064783
1064957
1065088
1065372
1065430
1065667
1065733
1065867
1065920
1065925
1066213
1066383
1066451
1066452
1066647
1066757
1066787
1066845
1066933
1066999
1067034
1067040
1067045
1067058
1067179
1067180
1067486
1067489
1067596
1067776
1067855
1067856
1067917
1067934
1067979
1067984
1068097
1068111
1068331
1068388
1068429
1068486
1068719
1068752
1068778
1068812
1069091
1069163
1069293
1069295
1069297
1069449
1069480
1069498
1069532
1069798
1069853
1069865
1069866
1069923
1070192
1070254
1070286
1070428
1070551
1070949
1071186
1071218
1071329
1071354
1071472
1071479
1071522
1071528
1071548
1071941
1071987
1072053
1072175
1072211
1072372
1072401
1072765
1072892
1072977
1073043
1073082
1073650
1073992
1074010
1074162
1074210
1074423
1074618
1074704
1074788
1074890
1075029
1075044
1075180
1075194
1075311
1075366
1075742
1075764
1075892
1076026
1076395
1076533
1076844
1077164
1077186
1077258
1077301
1077311
1077347
1077498
1077661
1077724
1077726
1077797
1078011
1078059
1078130
1078159
1078200
1078242
1078327
1078476
1078499
1078587
1078772
1079065
1079167
1079296
1079377
1079437
1079491
1079622
1080044
1080081
1080257
1080925
1080961
1081013
1081028
1081086
1081398
1081443
1081491
1081830
1081854
1082254
1082300
1082469
1082478
1082557
1082612
1082761
1083096
1083105
1083125
1083137
1083194
1083206
1083241
1083585
1083793
1083800
1083841
1083870
1083885
1083985
1084230
1084264
1085312
1085416
1085780
1085921
1086011
1086192
1086329
1086549
1086945
1087160
1087524
1087558
1087567
1088050
1088206
1088605
1088807
1088821
1088839
1088958
1088985
1089024
1089195
1089378
1089398
1089502
1089518
1089558
1089580
1089803
1090041
1090276
1090583
1090595
1090606
1090626
1090713
1091201
1091227
1091334
1091355
1091382
1091684
1091828
1091936
1091953
1092066
1092446
1092505
1092534
1092681
1092903
1092961
1093028
1093090
1093155
1093540
1093556
1093796
1093892
1094096
1094319
1094568
1095189
1095633
1095677
1095771
1095800
1095840
1096092
1096555
1096661
1096669
1096690
1097195
1097209
1097299
1097317
1097468
1097759
1097761
1097778
1097873
1097995
1098060
1098064
1098263
1098330
1098339
1098477
1098527
1098672
1099072
1099396
1099666
1099707
1099820
1099883
1100083
1100084
1100366
1100435
1100987
1100989
1101184
1101239
1101537
1101626
1101710
1101713
1101975
1102109
1102352
1102364
1102605
1102740
1102799
1102812
1102885
1102894
1102895
1103017
1103034
1103175
1103403
1103620
1103634
1103849
1104188
1104381
1104396
1104494
1104589
1104765
1104874
1104950
1105053
1105147
1105200
1105548
1105630
1105662
1106021
1106034
1106144
1106165
1106349
1106681
1107327
1107351
1107365
1107795
1107798
1107831
1107836
1107881
1107905
1107989
1108040
1108152
1108159
1108377
1108654
1108686
1108757
1109080
1109258
1109364
1109721
1109814
1109838
1109892
1110035
1110048
1110277
1110289
1110487
1110574
1110602
1110641
1110707
1110850
1111031
1111059
1111264
1111309
1111663
1111853
1112007
1112072
1112175
1112250
1112554
1112593
1112607
1112638
1112652
1112687
1112704
1112809
1112855
1112902
1113022
1113189
1113403
1113431
1113432
1114475
1114699
1114708
1114725
1114809
1114876
1115232
1115266
1115363
1115375
1115677
1115705
1115768
1115787
1115955
1116206
1116249
1116290
1116295
1116381
1116617
1117099
1117548
1117824
1117914
1117921
1118162
1118219
1118409
1118637
1119017
1119071
1119097
1119234
1119242
1119592
1119610
1120016
1120153
1120452
1120773
1120780
1120793
1120967
1121056
1121060
1121076
1121257
1121322
1121325
1121368
1121536
1121545
1121939
1122033
1122070
1122105
1122109
1122365
1122450
1122451
1122715
1122845
1123753
1123757
1123856
1123907
1123973
1124308
1124480
1124690
1124693
1124702
1124890
1125127
1125387
1125420
1125432
1125609
1125788
1125801
1126097
1126142
1126218
1126448
1126478
1126795
1126914
1126997
1127029
1127621
1127716
1127782
1127855
1128077
1128135
1128144
1128519
1128877
1128887
1128897
1128904
1129153
1129526
1130233
1130371
1130383
1130498
1130579
1130601
1130620
1131885
1132428
1132882
1132898
1132975
1134178
1134224
1134514
1134670
1134690
1134843
1135205
1135326
1135838
1135968
1136116
1137866
1138576
1138787
1139015
1139434
1139497
1139514
1139548
1139789
1139796
1140026
1140179
1140206
1140284
1140615
1140654
1140884
1140916
1140955
1141070
1141207
1141390
1141403
1141516
1141520
1142224
1142413
1142447
1142512
1142576
1142580
1142663
1142815
1143042
1143057
1143105
1143224
1143270
1143705
1143739
1143880
1143910
1144083
1144106
1144655
1144756
1144839
1144961
1145060
1145079
1145797
1145972
1145986
1146362
1146716
1146807
1146894
1146904
1147406
1147494
1147662
1147694
1148084
1148094
1148293
1148514
1148651
1148703
1149227
1149432
1149597
1149975
1150024
1150039
1150082
1150565
1150791
1151295
1151356
1151410
1151464
1151479
1151789
1151921
1152518
1152704
1152749
1152929
1153513
1154087
1154219
1154709
1154830
1154988
1155024
1155085
1155584
1155654
1155745
1155775
1155955
1156031
1156094
1156287
1156303
1156327
1156410
1156886
1156902
1157426
1157572
1157936
1158312
1158365
1158452
1158487
1158520
1158527
1158558
1158565
1158792
1158938
1159051
1159159
1159169
1159393
1159400
1159832
1159878
1160006
1160124
1160128
1160286
1160516
1160726
1160768
1160941
1161090
1161183
1161206
1161478
1161663
1161687
1161725
1161981
1162138
1162428
1162508
1162515
1162594
1162651
1162666
1163095
1163327
1163414
1163550
1163556
1163579
1164353
1164434
1164527
1164550
1164587
1164765
1165176
1165214
1165215
1165418
1165572
1165631
1165634
1166253
1166413
1166543
1166842
1166933
1167090
1167396
1167498
1167863
1167887
1167937
1168089
1168509
1168560
1168895
1169012
1169088
1169415
1169641
1169660
1169944
1169996
1170016
1170294
1170316
1170415
1170656
1170948
1170959
1171035
1171039
1171157
1171203
1171450
1171579
1171651
1171659
1171965
1171984
1172581
1172664
1172786
1172934
1173049
1173337
1173339
1173406
1173828
1173875
1174075
1174246
1174338
1174352
1174630
1174631
1174699
1174724
1174733
1174812
1175018
1175037
1175127
1175182
1175194
1175206
1175245
1175309
1175322
1175410
1175430
1175460
1175488
1175556
1176045
1176174
1176274
1176317
1176419
1176462
1176575
1176884
1176897
1177367
1177544
1177914
1178116
1178156
1178169
1178210
1178299
1178705
1178838
1178891
1178893
1178966
1179130
1179373
1179449
1179530
1179681
1179734
1179830
1179862
1180533
1180545
1180572
1180578
1180584
1180591
1180735
1180737
1180739
1180838
1180882
1180978
1181105
1181149
1181171
1181367
1181398
1181970
1182552
1182587
1182915
1183158
1183185
1183668
1183873
1183890
1183913
1183920
1184024
1184176
1184321
1184351
1184360
1184467
1184532
1184733
1184803
1184847
1185257
1185430
1185646
1185777
1185792
1186103
1186119
1186298
1186306
1186312
1186320
1186353
1186379
1186390
1186460
1186548
1186739
1186762
1186902
1187046
1187049
1187062
1187164
1187415
1187599
1188181
1188192
1188305
1188306
1188389
1188397
1188509
1188535
1188552
1188877
1189052
1189249
1189290
1189461
1189593
1189698
1189748
1189964
1189974
1190077
1190177
1190188
1190428
1190451
1190660
1190770
1190824
1190851
1190861
1190876
1190886
1190985
1191057
1191112
1191185
1191400
1191491
1191560
1191628
1191641
1191668
1192027
1192124
1192205
1192283
1192372
1192489
1193232
1193357
1193391
1193564
1193595
1193692
1193796
1193890
1193966
1194208
1194896
1194910
1195017
1195120
1195364
1195535
1195551
1195761
1195901
1195924
1195929
1196041
1196173
1196178
1196423
1196471
1196721
1196971
1196991
1197125
1197198
1197262
1197342
1198001
1198190
1198516
1198596
1198632
1198716
1198909
1199335
1199356
1199388
1199409
1199419
1199510
1199736
1199917
1200113
1200118
1200120
1200320
1200459
1200476
1200617
1200675
1200688
1200708
1201090
1201112
1201173
1201177
1201312
1201332
1201345
1201392
1201849
1201868
1201985
1202016
1202083
1202085
1202289
1202414
1202672
1203090
1203238
1203271
1203619
1203682
1203695
1203844
1204187
1204190
1204192
1204209
1204354
1204428
1204495
1204531
1204562
1204672
1204813
1204897
1205026
1205356
1205575
1205796
1205799
1205812
1205868
1206042
1206292
1206393
1206400
1206429
1206651
1206656
1206987
1207126
1207133
1207138
1207532
1207534
1207747
1207930
1207949
1208003
1208036
1208126
1208245
1208260
1208333
1208390
1208423
1208738
1208848
1208994
1209067
1209072
1209297
1209305
1209569
1209571
1209588
1209739
1209752
1209934
1210260
1210369
1210457
1210506
1210885
1211295
1211341
1211495
1211593
1211626
1211651
1212004
1212132
1212211
1212322
1213073
1213682
1213814
1214092
1214183
1214339
1214486
1214612
1214837
1215446
1215515
1215569
1215570
1215620
1215866
1216117
1216172
1216173
1216175
1216490
1216500
1216695
1216965
1217173
1217209
1217314
1217496
1217511
1218064
1218067
1218666
1218753
1218779
1218931
1219074
1219075
1219093
1219371
1219453
1219464
1219476
1219554
1219574
1219597
1219635
1219645
1219680
1219728
1219755
1219833
1220004
1220077
1220148
1220281
1220321
1220619
1220656
1221170
1221312
1221390
1221408
1221540
1221595
1221616
1221729
1221802
1221833
1221989
1222158
1222165
1222177
1222571
1222679
1222690
1222720
1222837
1223003
1223169
1223190
1223261
1223356
1223384
1223393
1223677
1223737
1223771
1223846
1223851
1223904
1224000
1224255
1224290
1224324
1224385
1224415
1224454
1224536
1224875
1225052
1225134
1225307
1225414
1225568
1225614
1226051
1226412
1226443
1226553
1226596
1226668
1226695
1226837
1226843
1226980
1226994
1227047
1227063
1227075
1227155
1227230
1227390
1227413
1227826
1227891
1227987
1228081
1228519
1228523
1228873
1229142
1229237
1229332
1229422
1229475
1229896
1229897
1229939
1230286
1230294
1230588
1230621
1230693
1230695
1230988
1231032
1231154
1231219
1231387
1231703
1231862
1231960
1232284
1232389
1232484
1232736
1232757
1232908
1232970
1232983
1232994
1233060
1233070
1233257
1233391
1233392
1233455
1233465
1233477
1233874
1233883
1234028
1234092
1234116
1234179
1234190
1234275
1234291
1234408
1234478
1234526
1234918
1234949
1235068
1235158
1235410
1235489
1235498
1235519
1235649
1236136
1236307
1236568
1236572
1236607
1236746
1236804
1236975
1236991
1237222
1237375
1237388
1237437
1237462
1237638
1237653
1237762
1237837
1237923
1238000
1238044
1238256
1238285
1238680
1238695
1238724
1238872
1239421
1239537
1239785
1239786
1240108
1240236
1240374
1240395
1240467
1240581
1240630
1240655
1240666
1240782
1240808
1240938
1241128
1241212
1241260
1241587
1241600
1241724
1241726
1241760
1241811
1241825
1241913
1241952
1242240
1242406
1242502
1242549
1242616
1242686
1242690
1242806
1242978
1242982
1243094
1243208
1243576
1243587
1243608
1243686
1243832
1244070
1244108
1244113
1244259
1244290
1244389
1244987
1245273
1245613
1245707
1245742
1245945
1246064
1246134
1246139
1246217
1246241
1246362
1246461
1246672
1246704
1246894
1246940
1246956
1246965
1247238
1247246
1247280
1247451
1247604
1247626
1247715
1247993
1248037
1248154
1248170
1248181
1248187
1248206
1248369
1248523
1248556
1248576
1248727
1248756
1248838
1249048
1249123
1249211
1249395
1249525
1249800
1249834
1249843
1249858
1250281
1250319
1250357
1250358
1250392
1250499
1250596
1250613
1250654
1250668
1250691
1250728
1250889
1251041
1251105
1251114
1251165
1251207
1251257
1251339
1251379
1251478
1251483
1251581
1251667
1251726
1251940
1251964
1252017
1252136
1252191
1252399
1252593
1252664
1252976
1253110
1253292
1253371
1253546
1253607
1253628
1253816
1253944
1253950
1253986
1253992
1254004
1254086
1254189
1254210
1254312
1254348
1254875
1254978
1255032
1255254
1255288
1255548
1255563
1255606
1255610
1255651
1255744
1255750
1255757
1255825
1256135
1256341
1256516
1256818
1256953
1257001
1257043
1257120
1257249
1257425
1257532
1257554
1257576
1257596
1257636
1258012
1258097
1258236
1258358
1258370
1258470
1258778
1258855
1258859
1258907
1258950
1259001
1259024
1259032
1259034
1259143
1259401
1259460
1259703
1259745
1259771
1260181
1260231
1260282
1260373
1260599
1260600
1260689
1260700
1260743
1260759
1260769
1260837
1260989
1261136
1261173
1261277
1261289
1261396
1262095
1262201
1262282
1262381
1262383
1262459
1262471
1262492
1262684
1262715
1262767
1262786
1262795
1263077
1263090
1263098
1263302
1263375
1263685
1263719
1264041
1264053
1264231
1264278
1264502
1265119
1265258
1265275
1265585
1265776
1265830
1265916
1266040
1266226
1266365
1266418
1266429
1266438
1266515
1266516
1266578
1266666
1267022
1267054
1267283
1267585
1267644
1267667
1267697
1267801
1267813
1267910
1267965
1268001
1268628
1268670
1268709
1268783
1268930
1268963
1269031
1269070
1269138
1269166
1269189
1269258
