1232
126
1415
1084
1138
560
705
908
867
649
248
1336
523
382
871
322
378
612
893
82
738
1076
251
1069
1197
1034
359
914
559
782
1256
591
1118
881
931
1134
578
303
1268
1327
1303
944
1231
825
1004
1354
854
551
790
621
238
16
1182
479
389
901
1051
658
310
932
1266
68
683
592
174
453
323
101
1133
489
1333
682
701
566
500
889
1011
125
5
808
102
980
949
1273
1427
1289
687
465
486
1424
483
783
555
1199
517
730
1062
454
1214
434
48
122
844
286
219
1441
1135
623
276
240
21
38
1178
1288
105
776
860
796
833
803
1072
657
1161
1177
797
583
1019
839
1053
837
786
1107
1220
317
313
1244
30
397
491
496
1408
57
521
601
1257
1270
1536
121
986
1068
798
887
540
239
784
63
215
1028
954
832
271
145
1121
288
70
780
159
161
1082
892
207
1120
696
611
401
634
843
342
1010
1267
167
426
22
1110
766
774
690
1195
1249
810
116
809
631
527
861
1017
473
1080
78
535
419
66
1119
227
1140
686
157
791
1258
849
938
1283
354
607
1276
727
1042
1136
204
76
1180
25
1226
565
206
450
1078
1088
36
1264
224
848
1334
1281
74
236
1027
488
941
1058
467
124
1212
1265
409
1100
732
1163
99
115
1173
764
869
177
1241
735
1432
772
1348
1239
1203
100
208
459
1046
1153
1126
748
51
304
967
1101
1152
964
462
256
406
318
872
862
357
633
691
451
1291
836
297
570
1379
249
873
924
987
201
1117
838
1311
371
84
703
1215
650
85
1149
636
698
1259
1246
253
863
218
1325
1041
1425
1308
411
370
1157
681
1243
1109
1164
109
989
963
548
1112
405
1108
468
1380
858
846
308
189
280
1252
847
59
1200
979
752
574
827
294
1102
1198
807
831
228
1009
589
1123
1442
1172
1114
138
423
1064
1530
503
1282
1087
71
1003
1007
1111
955
375
1210
1437
1229
1024
497
1370
1474
1324
431
951
814
899
299
247
447
55
477
553
970
910
639
811
1071
442
53
163
874
28
1050
740
587
87
668
449
515
888
1254
693
1083
1124
1428
339
272
92
868
1224
900
142
127
1393
1235
898
785
1269
260
1263
1006
26
640
327
689
602
582
120
1234
921
1261
999
1159
1063
576
550
1026
638
1301
824
603
1073
1275
41
822
564
643
580
75
1357
345
531
80
492
388
616
211
160
1094
675
1095
519
828
554
1025
480
52
1030
1146
381
362
857
556
1278
571
1218
956
923
948
1236
737
1155
1047
343
1189
348
144
684
1409
508
1169
1176
1125
834
209
416
667
1139
134
1021
400
290
842
96
1008
712
883
947
1230
44
1285
991
943
129
817
925
745
471
1191
245
1158
485
1098
1049
306
1375
1002
538
627
355
1092
562
54
1105
929
757
18
719
1060
878
743
653
952
168
985
278
1043
1312
1481
1186
268
200
1148
729
906
1162
430
1132
1223
755
641
1362
1194
300
1351
663
826
965
1144
1131
758
804
672
365
415
1057
608
62
700
632
1338
1245
107
1175
1150
427
1381
855
380
961
193
139
852
217
788
344
1305
328
695
1211
1221
1216
558
1533
233
1345
429
420
151
877
507
1240
1103
851
403
283
763
1037
978
1326
1181
190
484
801
152
928
904
995
1031
927
203
136
821
946
1429
79
841
799
793
760
853
524
575
289
407
569
1020
577
510
1154
724
1143
1044
58
1086
502
148
886
1335
775
1093
749
903
865
1185
934
314
983
922
990
1075
1190
812
920
1145
225
1204
456
45
1455
1061
210
773
1238
884
731
717
594
585
671
98
262
422
1272
321
1036
1067
1079
1237
1260
539
567
173
909
1277
726
1222
295
1116
916
744
1184
1005
629
966
1122
1419
1016
613
1029
518
714
263
1353
33
414
1466
971
1355
